0 -8 31138 000101
0 4 85091 01001
0 -1 188349 1000
0 3 105871 11100
0 -7 25102 1101010
0 -3 108112 11110
0 -4 87185 01010
1 -3 18659 0010111
1 1 51936 110110
4 1 9520 00110111
0 0 190512 1001
1 -2 50088 110100
0 -5 45400 011010
0 1 187723 0111
8 -1 1782 0000010000
0 5 43868 010111
1 -1 53047 110111
2 -1 23973 1010100
2 3 5268 010000100
0 22 7053 111111111
0 2 191722 1011
0 -6 53969 111010
1 2 45967 101000
0 -2 200678 1100
0 -9 21485 0100011
0 6 54249 111110
3 1 13726 11101111
2 -2 18362 0010101
4 -2 5814 101001100
5 -1 7269 00000110
2 -3 5518 011000011
2 1 23004 0110111
7 1 3030 1010101101
0 9 21847 0101101
0 7 24866 1010110
2 2 16971 0010000
5 2 2793 0110010101
2 6 570 001010000111
3 -2 10282 00111111
10 2 134 00100011100101
1 -8 1992 0001101101
1 4 10983 01100000
0 8 30660 000011
1 7 1577 10101111011
4 -1 9668 00111001
6 -1 5319 010000111
1 -7 1609 11010110011
6 -2 1511 10101011000
1 -4 11618 10100101
1 6 4375 001001001
4 2 5308 010000110
0 -40 2379 0011011001
3 2 9203 00101101
0 -15 10728 01000101
1 -5 4211 000111111
1 3 17903 0010011
6 1 5109 001111101
0 -21 6530 110101111
0 12 18706 0011001
2 5 625 001111011001
0 16 11238 01101100
0 17 7749 00011000
0 11 15417 0001000
4 3 526 000111110010
0 19 7090 00000001
1 8 1917 0000100111
12 -2 9 001010011100101000
0 -10 22424 0110011
1 5 3968 000110101
3 -1 13993 11111101
0 -11 15483 0001001
7 -1 3228 1101011100
0 -12 18724 0011010
0 13 11843 10100111
0 -19 6881 111011101
0 10 22367 0110001
0 -17 7711 00001011
3 -3 1910 0000100110
0 18 9971 00111100
0 -14 14285 0000001
1 -6 4590 001011000
11 -1 772 101011100011
0 -18 9926 00111011
0 -13 11544 10100100
0 14 14047 11111110
0 15 10823 01011000
5 1 7033 111111110
2 4 2304 0010110011
0 -16 11187 01100100
0 -36 3061 1010101111
0 -44 2133 0010001101
0 -28 4887 001110100
10 -1 1322 01000010110
7 -2 584 001100001111
10 1 1282 01000000001
0 -27 4496 001001011
2 -4 2385 0011011011
0 35 3222 1101011011
0 20 8488 00100010
0 -101 407 1101011101001
0 33 3384 1110110110
0 -89 470 000010001111
0 42 2580 0100000001
0 -60 1217 00111000101
0 40 2619 0100000110
0 30 4607 001100000
0 -23 5462 010110011
5 -2 2984 1010101001
1 -12 737 101010100000
0 -33 3408 1110111000
0 45 1962 0001101000
0 75 805 110101101010
0 96 456 000001110110
0 109 324 0100000010101
1 15 296 0011011000100
0 -65 1027 00011100011
0 -135 215 11111100001001
0 27 4536 001010001
0 -81 704 011001011011
0 -45 1863 0000100010
0 -24 6322 101011111
0 24 6220 101011101
0 32 3855 000010101
10 -2 156 00111101011011
0 29 4168 000111101
0 36 3105 1010111001
0 -42 2385 0011100000
0 47 1939 0001100101
0 87 601 001110000101
0 108 355 0110010111111
9 1 1223 00111000111
2 -6 669 010001001100
0 -139 187 10101010110001
0 -83 599 001110000100
0 -53 1463 10100110110
0 74 919 00001000010
0 82 719 101001101000
0 38 3280 1110110010
0 -31 3432 1110111001
0 -54 1524 10101011100
0 -32 3592 000001001
0 53 1626 11010111011
0 57 1458 10100110101
0 23 5637 011011010
4 -4 278 0010010100101
3 3 1844 0000100000
0 -51 1528 10101011101
0 -58 1360 01011001001
0 -174 87 011001011000010
0 -116 338 0101100101000
0 -120 264 0001111100111
0 -71 873 111111001000
0 -22 7079 00000000
1 -16 352 0110010111000
0 -64 1178 00110110000
0 21 6539 111011000
0 65 1147 00101001111
0 78 702 011001011010
0 46 2173 0010010001
0 56 1510 10101010111
0 -38 3124 1010111100
0 -48 2052 0001110010
0 -43 2089 0001111001
0 -34 3349 1110110100
0 -30 4538 001010010
14 1 155 00111101000011
11 1 686 010110010110
1 -17 197 11010110000001
0 28 5058 001111100
3 4 768 101011100010
0 -26 5222 010000010
0 -94 500 000110111101
0 -68 955 00001001011
0 -107 356 0110110110000
0 -63 1080 00100011110
0 -29 3918 000110011
6 2 1272 00111101111
0 25 4887 001110101
0 69 915 00000111010
0 73 846 111011011101
0 -56 1382 01100001011
0 -20 8219 00011101
0 31 3668 000001111
0 44 2359 0011000101
0 -39 2628 0100001010
0 -76 739 101010100001
0 26 5342 010001000
4 5 28 0000010100001000
0 66 1030 00011100111
0 99 475 000010010011
0 -47 1922 0000101001
9 2 144 00101001110011
15 -1 54 1111110000100001
0 -50 1737 11111100011
1 10 1029 00011100110
0 -66 961 00001010001
0 70 874 111111001001
0 71 882 111111001101
0 58 1427 01101101101
0 85 665 010001001000
0 -41 2110 0001111101
0 -78 714 011011011001
0 61 1240 00111101010
0 90 578 001100001100
0 125 270 0010001110101
0 94 471 000010010000
3 -4 847 111011011110
0 -25 4735 001100011
7 2 484 000110010001
8 -2 278 0010010100110
2 8 225 0000010100100
0 -84 589 001100010011
12 1 404 1101011010111
0 67 995 00011011001
0 114 284 0010100001100
0 -133 199 11010110010010
8 1 1718 11111100000
0 -82 655 010000011101
0 -55 1358 01011001000
5 3 177 01100101111100
0 -70 892 00000100011
9 -1 1236 00111101001
0 48 2173 0010010000
6 3 68 001001010000000
0 123 244 0001101001000
0 -132 205 11101100110010
0 -93 487 000110010011
0 37 2742 0110000100
0 -52 1663 11101100111
0 50 1802 0000010101
0 -59 1188 00110110100
0 -88 559 001010000010
0 -95 446 000001000101
0 -74 834 111011010100
0 -57 1439 01101101111
0 -138 199 11010110010011
0 -126 265 0010001110000
0 -119 260 0001111000100
0 -103 390 1010111101010
0 -49 1682 11101101011
0 51 1610 11010110100
0 43 2206 0010010101
8 -3 7 1110110111000011001
0 -37 2611 0100000011
12 -1 436 1111110001011
0 -35 2998 1010101010
0 -117 327 0100000111000
1 -10 1056 00100011000
0 -79 718 011011011101
0 39 2782 0110010100
0 62 1175 00110001000
1 -11 643 010000001001
0 64 1278 01000000000
0 -69 814 110101110101
3 6 142 00101000011010
0 54 1583 11010110001
0 -46 1996 0001101110
0 41 2288 0010100110
1 9 1058 00100011001
0 -72 865 111111000100
0 72 882 111111001110
0 52 1754 11111100101
0 -77 735 101001101110
0 -61 1149 00101100101
3 5 124 00011010011101
0 34 3641 000001011
1 -9 1115 00101000000
5 -3 186 10101010110000
1 37 33 0001111100001110
8 2 233 0000100001111
0 63 1148 00101100100
0 88 579 001100001101
0 117 294 0011000100101
4 -3 610 001110001101
0 -110 379 1010101100101
0 -67 953 00001001010
0 68 1012 00011100001
0 -112 304 0011100010011
0 -114 285 0010100111000
0 60 1311 01000001111
0 84 601 001110001000
3 8 32 0001110000011000
0 -91 617 001111010001
0 -123 257 0001111000001
7 -3 24 10101010110111110
0 -166 116 00000111011110
0 -180 85 010001001110111
0 -206 63 000110111110011
2 -26 4 0001101100000000100
0 -212 52 1110110011001111
0 -221 38 0011110100000000
0 -207 43 0101100101110110
0 -194 65 000111100001010
0 -177 94 101010101101010
0 -176 96 101011100001110
0 -100 463 000010000110
0 -181 78 001111011000010
0 -106 356 0110110110001
0 49 1823 0000011100
0 -62 1152 00110000100
14 -1 163 01000000101110
0 -92 574 001010011101
13 1 196 10101111010110
0 77 746 101010100011
0 89 565 001010000101
0 100 473 000010010001
0 104 396 1101011001000
2 7 177 01100101111101
0 -90 577 001100001011
0 -85 626 001111011010
4 4 262 0001111100000
0 79 744 101010100010
0 112 358 0110110111001
0 -108 360 1010011010010
2 -5 635 001111011101
0 81 706 011001011110
0 -87 524 000111110001
0 -102 384 1010111000000
1 -117 1 1010111000010101011110
0 -113 331 0100001011100
2 -12 63 000111000001000
0 -96 493 000110100110
0 -111 337 0100010011100
9 -2 223 0000010001001
0 -163 113 00000101001101
0 -171 99 110101100000101
0 -157 143 00101000011011
9 -3 3 00101001110010100111
0 -125 270 0010001110110
10 -3 4 0001101100000000111
0 -97 474 000010010010
1 -35 35 0010100000110011
2 -8 244 0001101001001
1 19 155 00111101011000
0 103 432 1111110000111
0 131 196 10101111010111
1 14 502 000111000000
0 158 102 110101110100011
0 161 125 00011011000011
0 -255 29 0000011101110110
1 -14 500 000110111111
0 91 550 001001010001
0 -334 12 101011100001111011
1 11 609 001110001100
7 3 15 00001000011100101
0 -73 802 110101100101
0 102 378 1010101100100
2 -13 16 00011100000110100
0 -124 267 0010001110011
6 -3 54 1111110001010000
1 -77 6 1010111000011110011
3 -10 8 000111000001101011
1 -21 117 00001000110110
1 -15 297 0011011010100
1 12 663 010000101111
2 -9 105 111011011100010
0 -75 760 101010110011
0 -80 680 010110010101
0 128 228 0000010100111
0 -192 75 001101101010101
2 -16 21 01000100110100010
0 -162 123 00011010011100
5 4 64 000111000101111
1 -23 106 111011011100101
1 27 68 001001010000001
0 -127 250 0001101111101
1 -25 105 111011011100011
0 83 598 001101101011
0 120 248 0001101001111
0 -128 224 0000010100011
1 23 111 111111001111011
1 -19 151 00111000011010
0 -121 238 0000101000001
0 -104 395 1101011000010
0 -98 427 1110110111111
1 -30 70 001010000011011
1 36 37 0011000011101011
1 -31 57 000001110111001
0 -252 31 0001100100100101
13 -1 215 11111100001011
3 -6 153 00111101000001
0 -86 601 001110000111
0 105 396 1101011000011
0 165 92 101001101111101
0 55 1377 01100001010
1 40 43 0101100101110111
1 13 351 0110010110011
1 18 261 0001111000111
0 80 680 010001001111
2 -11 47 1010101011010110
0 -240 37 0011011000110100
0 115 262 0001111100110
1 38 53 1110110111001001
0 147 159 00111101110010
0 135 211 11101101110011
0 -118 281 0010100001000
1 -51 16 00011100010111001
1 26 99 110101100000110
0 -140 177 01101101110000
0 -193 77 001111010000101
0 146 164 01000001110011
0 -115 316 0011110111000
0 59 1334 01000100101
3 7 28 0000010100001011
0 92 543 001000111111
0 143 188 10101010110110
0 129 222 0000010001000
0 -105 342 0101100101001
1 -29 69 001010000011000
0 97 470 000010001110
0 98 466 000010001100
2 -10 91 101001101001110
0 76 837 111011010101
1 41 17 00100011101000110
0 192 59 000010001101011
0 118 256 0001111000000
0 111 312 0011110101110
1 17 173 01100101100000
0 121 244 0001101001010
0 95 497 000110110001
0 101 440 1111110011001
2 10 87 011001011000011
0 -188 65 000111100010110
0 187 65 000111100010111
0 185 63 000111000001010
0 190 70 001010000011100
0 107 352 0110010111001
0 119 243 0001100100101
0 194 58 000010000111010
1 30 68 001001010000010
2 -7 204 11101100110001
1 31 46 1010011011110111
1 22 148 00110110001010
0 86 542 001000111110
4 -6 43 0101100101111000
0 -129 220 11111100111100
0 93 497 000110111100
1 39 29 0000011101110111
1 94 4 0001110000011011110
1 -54 9 001010011100101010
0 170 82 010000011100101
2 9 107 111111000010001
1 16 333 0100010010011
11 2 23 10100110111101001
15 1 49 1010111101001101
0 137 202 11010111010000
0 178 93 101010101101000
1 44 26 11101100110011011
1 47 17 00100011101000111
0 -335 12 101011100001010100
0 -134 215 11111100001100
0 113 324 0100000010110
0 -272 28 0000010100001111
0 183 78 001111010111100
1 -58 8 000111000100101001
0 106 350 0110010110001
3 10 11 011001011101000110
3 -5 149 00111000011000
0 110 314 0011110110110
0 -229 45 0110110111000101
0 -141 196 11010110000000
0 -150 166 01000010111011
0 -146 165 01000010111010
11 -2 41 0100000010001101
0 184 78 001111010111101
0 142 193 10101111010001
1 -13 374 1010101011001
3 -12 8 000111000100101010
0 149 136 00100101000011
0 173 84 010001001110100
0 169 94 101010101101110
0 -148 155 00111101011001
0 -147 155 00111101011010
0 138 163 01000000101111
0 144 148 00110110001011
0 186 78 001111010111110
1 51 7 000001010000101010
1 55 14 00000101000101000
1 20 193 10101111010000
0 -122 261 0001111000110
2 11 25 11010110101100110
0 175 84 010001001110101
0 127 245 0001101001011
0 -130 220 11111100110001
0 122 225 0000010100101
0 124 278 0010010100111
1 -44 17 00100101000001110
12 2 7 000001010000101011
1 -28 91 101001101001111
6 -4 26 11101100110110111
0 -136 207 11101100110101
0 -99 444 1111110011111
1 -18 283 0010100001001
0 148 146 00110000111011
0 168 116 00001000110100
0 155 110 111111001111010
1 48 21 01000100110100011
1 -27 78 001111010111111
1 21 108 111111000011010
0 116 332 0100010010010
0 154 104 111011011100000
1 67 6 1010111000010101010
0 130 205 11101100110100
0 164 103 111011001101100
0 159 120 00001010000111
1 32 43 0101100101111001
1 24 119 00001010000000
5 -4 84 010001001101100
0 176 88 011001011101101
0 145 146 00110001001000
1 -20 213 11101101111101
0 150 147 00110001001001
0 166 102 111011001100000
0 136 180 10100110100110
1 29 66 001000111000101
0 140 168 01000100110111
0 162 120 00011001000000
0 141 171 01011001011100
0 134 212 11101101111100
1 -33 39 0011110110000111
0 126 260 0001111000011
0 -173 107 111111000010100
0 132 184 10100110111100
1 -39 36 0010100111001011
0 167 102 111011001100001
1 -22 159 00111101110011
0 -109 323 0100000010100
0 -158 125 00011011111000
1 45 30 0000101000000110
0 -142 173 01011001011111
1 -45 18 00110000101000000
0 -145 150 00111000011001
0 153 120 00011001000001
0 -167 118 00001000110111
0 -131 241 0001100100001
1 -70 8 000111000100101011
1 -37 20 01000000100010000
0 -156 135 00100011101110
10 3 5 0100000010001000100
0 -137 202 11010110101101
1 -43 21 01000100110100110
1 -24 130 00011110001010
26 -1 1 1010111000010101011111
0 157 120 00011001001000
2 14 37 0011011000110101
22 -1 1 000111000001101111101
1 -49 14 00000101000101101
0 151 156 00111101100011
1 -34 49 1010111101001111
0 172 78 001111011000000
0 -149 135 00100011101001
0 139 176 01100101110101
0 -144 159 00111101101111
0 -198 62 000110110000001
3 -13 3 10101110000101010110
0 -183 72 001100001110000
0 -153 156 00111101101110
0 171 84 010001001101010
0 197 65 000111110000110
0 -151 151 00111000011011
0 -159 138 00100101001001
0 208 51 1110110011001100
0 203 56 000001010011001
0 -203 60 000010100001000
0 -168 133 00100011100100
1 -57 20 01000000100010100
0 181 56 000001010001000
0 133 194 10101111010010
0 160 116 00000111011111
0 201 54 1111110000110111
0 -164 124 00011011000010
2 13 16 00011110000100110
3 -7 30 0000101000000111
0 -155 151 00111000100100
0 177 81 010000001000111
2 15 13 101011110100111011
20 1 13 111011011100001000
7 -4 8 000111100001001001
2 12 58 000010000111011
0 -154 149 00110110101011
0 195 88 011001011101111
6 4 25 11010110101100111
0 -165 108 111111000101010
0 180 64 000111000001111
24 -1 1 000111000001101111111
3 -8 39 0011110110000010
1 -38 37 0011011010101000
1 -53 13 111011011100001001
4 -8 9 001010011100101011
1 -40 31 0001101100000001
0 -152 145 00110000111001
0 -182 67 001000111010000
4 -5 36 0011000010100001
25 -1 2 00011110000100100010
5 5 6 1010111000001010001
17 1 8 000111100001001111
16 -1 14 00000101000100101
16 1 24 10101110000110100
14 -2 2 00011110000100100011
22 1 9 001100001010000010
1 -42 31 0001101111100100
1 -26 85 010110010111010
25 1 1 000111100001001000011
8 3 4 0001110001000000110
5 -5 6 1010111000011010101
1 -68 5 0100000010001000110
0 -231 35 0010100000111010
0 -346 5 0100000010001000111
0 -274 22 01100101100101010
0 -374 3 10101110000110101100
0 255 19 00111101000010001
0 -281 23 10100110111111001
0 -170 108 111111000010101
0 -372 6 1010111000011010111
0 -403 4 0001110001000000111
0 -319 5 0100000010001011100
0 -330 8 000111000100010101
0 -172 88 011001011101110
0 -269 25 11010110101100010
0 -309 10 010000001000101111
0 -314 16 00011100010101100
0 -213 54 1111110001010011
1 -130 1 000111100001001110111
2 -14 35 0010100000111011
1 -89 6 1010111000001100101
1 -85 7 000001010001011001
0 -219 47 1010101011010010
0 152 149 00110110001111
0 -244 27 11111100010101110
0 243 23 10100110111110000
0 -161 112 00000101000001
0 -215 43 0101100101111010
0 -160 135 00100011101111
9 3 8 000111000101011110
0 -196 60 000010100001101
0 -234 51 1110110011001110
0 -238 33 0010001110001101
0 -279 15 00001010000100111
0 -268 25 11010111010001000
8 -4 2 00011100010101101010
1 42 29 0000100001110000
0 -195 68 001001010000100
0 -271 19 00111101000010010
0 -258 17 00100101001000100
0 -239 36 0011000010100100
0 -200 56 000001110111000
0 -197 67 001000111000111
0 -224 29 0000100001110001
0 -248 27 11111100010101111
0 -253 37 0011011010101001
0 -230 39 0011110110000011
0 -225 36 0011000010100101
0 -191 68 001001010000101
1 -110 2 00011100010101101011
3 -9 9 001100001010000011
1 -113 2 00011100010101111101
2 -19 6 1010111000001100111
6 -5 2 00011100010101111111
3 11 5 0100000010001011101
0 -261 23 10100110111110001
0 -223 42 0100010011011010
1 89 1 000111000100000010111
1 70 3 10101110000010000101
1 82 6 1010111000001000110
1 95 2 00011100010110101101
5 10 2 00011100010110101111
0 -266 24 10101110000010011
0 -237 27 11111100110000000
1 54 23 10100110111111100
1 52 19 00111101000010011
1 35 36 0011000010101010
0 -236 36 0011000010101011
0 -294 12 101011100000100101
0 209 41 0100010011010000
0 -199 54 1111110001010110
0 -318 16 00011100010010011
0 156 124 00011011000001
0 -242 32 0001110001001101
0 -216 52 1110110111001000
0 189 56 000001010000001
0 -293 10 010000001000110000
0 230 26 11101100110110100
4 6 43 0101100101111011
1 28 74 001101100011100
23 1 1 000111000101101011001
0 -298 16 00011100010011100
0 -292 18 00110000101011100
18 -1 14 00000101001100000
0 253 20 01000000100011001
0 -317 11 011001011001010111
0 -202 72 001100001010100
0 174 87 011001011001000
0 -327 9 001100001010111010
0 -310 12 101011100001100101
0 -201 63 000111000001011
1 49 13 111011011100001111
0 202 74 001101100011011
0 210 46 1010011011111111
1 202 1 000111000100100010111
0 -245 19 00111000100101110
0 -287 18 00110000101011111
0 -288 12 101011100001010010
0 -313 13 111011001101101010
0 220 47 1010101011011110
0 218 39 0011110110001000
0 -220 54 1111110001010010
0 206 48 1010111000010010
3 9 12 101011100001010011
1 -32 55 1111110011000001
0 193 62 000110010010011
1 65 12 101011110100110000
1 62 11 011001011001001000
1 25 71 001010011100100
0 199 74 001101100011101
0 212 42 0100010011011011
0 196 42 0100010011101100
0 -210 48 1010111000001110
0 182 63 000111000001001
0 238 31 0001101111100101
0 223 39 0011110110001001
0 233 24 10101111010011001
0 -175 76 001110001001010
2 18 14 00000101000011000
15 2 1 000111000101010110010
0 -218 46 1010011011111001
0 188 70 001010000011110
0 -260 28 0000010100001101
1 33 37 0011011000110010
17 -1 11 011001011001001001
0 -217 48 1010111000010111
0 204 45 0110110111000100
0 -275 21 01000100110101101
0 -185 71 001010000011111
1 34 37 0011011000110011
0 -179 99 110101100000111
1 -36 32 0001110001011000
0 -214 44 0110010110010100
0 -249 27 11111100110000001
0 225 35 0010100000110101
0 214 45 0110110111000111
1 46 20 01000000100010010
0 -143 207 11101100110111
0 244 24 10101110000011111
0 284 15 00001010000110000
20 -1 5 0100000010001100010
0 -211 60 000010100001011
0 219 47 1010101011010011
0 216 46 1010011011111101
0 281 19 00111000100101111
0 231 27 11111100010100010
1 -50 25 11010110101100100
0 217 40 0100000010000001
0 232 39 0011110110000110
0 245 29 0000100001110011
0 228 42 0100010011010111
0 200 51 1101011101000101
0 251 24 10101110000111110
0 -178 88 011001011001011
0 260 21 01000100110100100
0 271 20 01000000100010011
0 259 21 01000100110100101
1 87 1 000111000101010110011
3 -14 6 1010111000001000111
1 148 1 000111000101010110111
0 229 34 0010010100100011
0 221 49 1101011000001001
2 24 3 10101111010011000111
0 179 64 000111000100011
0 191 48 1010111000011011
0 224 33 0010001110001100
0 205 56 000001010000000
0 207 49 1101011000001000
0 198 45 0110110111000110
0 -340 16 00011110000100000
1 80 3 10101110000111111110
0 -184 65 000111100001011
3 19 1 000111000101010111111
0 -316 10 010000001000000010
1 -48 21 01000100111011010
1 -41 21 01000100111011011
1 -62 5 0100000010001100011
0 -267 24 10101110000100010
0 303 12 101011100001100011
1 -46 20 01000000100000100
1 50 12 101011100001000110
1 56 12 101011100001000111
19 -1 7 000001010000110010
0 -285 16 00011100010110110
0 276 24 10101110000100110
2 20 8 000111100001000011
1 58 13 111011001101101011
0 293 12 101011100000110101
1 -52 12 101011100001001110
1 83 4 0001110001010100011
1 97 2 00011100010101000101
0 -302 14 00000101000011100
0 -169 131 00011111000010
0 247 19 00111101000000011
0 -204 59 000010100000010
0 456 2 00011100010100110011
0 408 3 10101110000111111111
1 93 3 10101110000101100101
1 -72 4 0001110001010011111
4 8 10 010000001000000011
1 104 3 10101110000101100110
1 101 4 0001110001010000111
0 292 9 001100001010111011
2 17 7 000001010000110011
0 452 2 00011100010100111001
0 252 27 11111100001101101
1 53 12 101011100001011011
6 -6 1 000111000101010001001
1 139 1 000111000101001010101
0 414 4 0001110000011100101
0 272 22 01100101100100110
0 -208 48 1010111000001011
0 473 2 00011100010100101111
0 418 2 00011100000111001111
3 -11 6 1010111000011000001
0 298 17 00101000001100100
0 -283 12 101011100001100001
0 300 12 101011100001010000
0 297 9 001100001110001110
0 510 1 000111000101001010111
0 -187 76 001111010000001
0 -306 11 011001011001001110
0 -563 1 000111000101110100111
0 -530 2 00011100010111010111
0 -190 72 001100001010001
0 -265 17 00101000001100101
1 -133 1 000111000101110101101
0 469 1 000111000101110111111
0 -470 1 000111000100001101101
0 234 28 0000010100010011
0 267 16 00011100000110011
0 -375 5 0100000010000111110
0 -397 2 00011100000110010101
0 211 46 1010011011110101
0 163 109 111111001100001
0 -479 3 10101110000101000100
0 -462 1 000111000100001101111
0 -460 1 000111000001100101111
0 -392 3 10101110000101000101
0 -385 5 0100000010000111111
0 -355 7 000001010011000110
0 274 10 010000001000010010
1 -151 1 000111000100101110111
1 57 7 000001010011000111
0 318 5 0100000010000100110
0 269 19 00111101100010110
0 -226 44 0110010111010010
0 -246 39 0011110110001010
0 -348 5 0100000010000100111
0 357 3 10101110000101000111
0 -277 17 00100101000001101
0 226 36 0011000010101101
0 -189 72 001100001110100
5 6 10 010000001000001100
0 -291 15 00001010000110011
0 246 27 11111100001101100
0 -280 14 00000101000010010
0 -232 47 1010101011010111
1 43 19 00111101000000010
1 74 6 1010111000010000111
2 26 4 0001110001011001001
2 23 4 0001110001011001010
0 235 36 0011000011101010
0 -222 38 0011100010010110
0 -284 23 10100110111111101
1 -47 15 00001010000100101
0 343 8 000111000100110000
0 -256 22 01100101110110011
1 -65 4 0001110001011001011
0 -254 29 0000100011010101
0 -331 8 000111000100110011
5 -6 13 111011011100001101
0 254 15 00001010000101000
0 359 8 000111110000111100
1 -55 9 001100001010110001
0 -205 66 001000111000100
1 68 7 000001010001010111
0 -186 81 010000011100100
0 -228 50 1101011010110000
1 72 8 000111110000111101
1 -81 4 0001110001001100011
1 -60 7 000001010001011100
0 349 6 1010111000010000000
10 -4 1 000111000100101111111
0 -368 5 0100000010000011010
0 248 25 11101100110011010
0 -360 6 1010111000010000001
0 -342 11 011001011001001111
19 1 4 0001110001000100011
6 6 3 10101110000100000100
0 309 11 011001011001001010
1 -162 1 000111000100101101101
0 -351 4 0001111000010001011
0 -532 1 000111000100101101111
0 -278 22 01100101110100111
0 -378 5 0100000010000011011
0 -465 1 000111100001000101011
1 77 4 0001110001001111011
0 -262 16 00011100010110100
0 -303 7 000001010001011101
0 -367 5 0100000010000011100
0 -304 8 000111000101000101
2 22 2 00011100010011110011
0 -352 8 000111000100000101
0 -273 12 101011100001010110
2 19 3 10101110000100000110
1 61 9 001101100011000001
2 -18 11 011001011101000011
0 -425 4 0001110001000001001
0 -442 3 10101110000100000111
0 -305 11 011001011101000000
0 356 5 0100000010000011101
0 -325 6 1010101011011111101
2 -15 13 111111000101000110
0 -247 16 00011100010110111
0 -241 34 0010010100100001
0 -276 17 00011111000011111
2 21 1 000111000100111100101
18 1 5 0100000010001011010
21 -1 1 000111000100100001111
0 324 8 000111000100001010
2 54 1 000111000001101100111
0 -483 1 000111000001101101011
0 -243 23 10100110111101100
0 476 1 000111000100001011001
1 -61 6 1010111000001101111
0 236 27 11111100001000001
0 -349 6 1010111101001110100
0 -361 4 0001110001000010111
0 -484 1 000111000100001011011
0 322 15 00001010000101011
0 -323 10 001111011000101111
1 -74 8 000111000101010100
0 227 29 0000100011010100
0 381 5 0100000010001011011
0 -362 5 0100000010001010100
0 368 10 010000001000101011
0 334 5 0100000010001010101
0 -520 1 000111100001001011101
0 -257 22 01100101110100110
1 98 1 000111100001001011111
0 330 10 010000001000010000
0 -322 9 001100001010110010
0 327 5 0100000010000100010
0 442 2 00011100010111000010
0 -515 2 00011100010111000011
1 -150 1 000111000101110000011
1 63 6 1010111000010110000
0 -457 1 000111000001110000011
0 -341 7 000001010001001001
0 213 36 0011000011100010
0 405 1 000111000001110001101
0 -611 1 000111000101010010010
0 317 6 1010111000011111101
0 -513 1 000111000101010010011
0 -332 9 001100001010011110
0 -400 3 10101110000010010000
0 310 7 000001010011000011
0 -350 8 000111000100111111
0 455 2 00011100010101001101
0 290 21 01000100110100111
0 -339 11 011001011101100011
0 -308 7 000001010001010010
0 427 1 000111000101010010111
0 302 6 1010111000011110100
0 -250 34 0010010100100000
0 366 5 0100000010000110110
1 -56 8 000111000100000111
0 265 18 00110000101011110
0 323 8 000111000101000000
0 256 18 00110000111000110
0 344 6 1010111000011110101
0 475 1 000111000101010011111
0 -370 5 0100000010000110111
0 263 25 11010111010001001
0 -376 6 1010111000010000100
0 -398 4 0001110001001110101
0 264 15 00001010000110001
0 382 6 1010111000010000101
0 531 1 000111000100000110111
0 393 4 0001110001010111000
0 392 4 0001110001010111001
0 -538 1 000111000100111010011
0 462 2 00011100010101110111
0 432 2 00011100010001001010
0 241 23 10100110111101101
0 -399 5 0100000010001011001
0 636 1 000111000101011101101
0 258 23 10100110111111000
1 66 8 000111000100010011
0 294 14 00000101000010100
0 -383 3 10101110000011010000
0 308 8 000111000100010111
0 350 7 000001010001010101
0 -577 1 000111000100010010111
0 -264 24 10101111010011100
0 -436 2 00011100010000111001
0 249 32 0001110000011101
0 -336 7 1111110001010001110
0 -282 13 111011011100001011
0 301 11 011001011101000010
0 336 3 10101110000011010001
3 12 5 0100000010000010100
0 365 3 10101110000011010010
1 -64 5 0100000010000010101
0 -424 1 000111000100001110001
0 339 3 10101110000101011100
0 -301 17 00100101000001111
1 111 2 00011100010011111000
0 257 26 11111100001000000
0 222 30 0001100100100100
0 285 14 00001000011100100
0 -315 10 001111011000101110
0 262 17 00100101001000101
0 287 11 011001011101100010
0 283 19 00110110001100001
0 -417 2 00011100010011111001
0 358 3 10101110000101011101
4 -9 2 00011100010011111010
4 11 2 00011100010011111011
0 -263 20 01000000100001110
1 -98 2 00011100010001000000
0 -364 4 0001110001000100001
0 -406 4 0001110001001011001
1 -107 1 000111000100001110111
0 -307 15 00001010000100100
0 -286 17 00100101000001100
0 -324 9 001100001010110000
0 215 35 0010100000110100
0 -432 2 00011100010011001001
0 -396 4 0001110000011001001
1 -75 4 0001110001000011001
0 -379 4 0001110001011101101
0 -296 13 111011001101101100
0 270 15 00001010000101010
0 237 25 11010110101100101
0 -328 8 000111000101000010
0 -312 12 101011100001001111
0 282 11 011001011101100001
0 -480 1 000111000100010000011
0 -227 37 0011011000110001
0 -356 2 00011110000100001001
0 -501 1 000111100001000010001
0 -506 1 000111100001000010101
0 -559 1 000111100001000010111
1 60 8 000111000101101010
1 -71 3 10101110000011000111
0 305 11 011001011101000111
0 289 15 00001010000100110
0 314 12 101011100000101011
1 -83 3 10101110000010100100
0 -209 57 000001110111010
0 -233 40 0100000010000101
0 -329 8 000111000100101000
1 136 3 10101110000010100101
1 108 2 00011100010100011001
0 -235 36 0011000010100110
0 286 15 00001010000101001
1 177 1 000111000100100100111
0 -326 10 010000001000011010
0 313 3 10101110000010100111
0 316 5 0100000010000110001
2 -20 10 010000001000001011
1 76 9 001101100011000000
1 -79 3 11101101110000110000
1 78 2 00011100000110111011
0 239 25 11010110101100011
2 16 22 01100101110110010
0 240 23 10100110111101000
0 299 12 101011100001111000
1 -199 1 000111000001101110101
0 421 1 000111000101001001011
0 422 2 00011100010100010001
1 90 3 10101110000011011000
0 266 9 001100001010011101
0 -421 4 0001110001000000010
0 354 4 0001110001000000011
0 -311 9 001100001010011111
1 -59 7 000001010011000010
1 -87 3 10101110000011011001
0 594 1 000111000101000100001
1 105 4 0001110001011100011
0 526 1 000111000101000100111
0 -389 5 0100000010000011110
0 277 15 00011011000000000
0 468 1 000111100001001010110
0 -359 4 0001111000010001001
2 -17 6 1010111000010000110
0 315 10 010000001000011110
0 -289 14 00000101000011101
0 288 11 011001011101100000
0 304 5 0100000010000011111
0 445 3 10101111010011000100
2 -21 2 00011110000100010001
1 71 5 0110010110010101100
1 -114 1 000111100001001010111
0 395 1 000111000101000111101
0 250 21 01000100110101100
0 295 13 111011011100001010
2 25 1 000111000101000111111
1 -262 1 000111000101011011111
0 444 4 0001110000011010101
1 69 6 1010111000011111110
1 64 7 000001010001001000
0 328 9 001100001010011100
0 376 6 1010111000001000100
4 -7 2 00011100000110101001
2 -44 1 000111000001101010001
1 168 1 000111000100111011011
2 -22 7 000001010000100111
0 -333 11 011001011101000001
0 -300 12 101011100001100111
1 84 2 00011100010101010101
0 242 22 01100101110100010
0 -320 12 101011100001100010
0 -371 4 0001110001001001010
0 -344 1 000111000100111011111
0 397 2 00011100010010010110
1 -109 2 00011100010010010111
1 73 2 00101001110010100100
0 -270 19 00111101000010000
0 333 7 000001010001010110
0 -251 33 0010001110100010
1 106 2 00101001110010100101
0 361 6 1010111000001100100
0 -537 1 000111000101010101111
0 -295 16 00011100010110011
0 -343 6 1010111000001101110
1 135 2 00011100010101101101
0 342 3 10101110000111111000
2 -29 2 00011100010100000100
0 -259 24 10101110000011110
0 291 12 101011100001100100
0 337 9 001100001010110011
0 407 1 000111000101011011001
0 398 2 00011100010000000001
0 320 13 111011011100001110
2 -53 1 000111000001101110010
0 -297 13 111011001101101101
1 130 1 000111000001101110011
1 -63 3 10101110000111111001
0 369 4 0001110000011001000
2 29 3 10101110000011000100
1 -103 2 00011100010111011001
0 296 12 101011100001100110
0 433 1 000111000100100000000
1 112 1 000111000100100000001
0 453 3 10101110000011000101
1 -127 1 000111000100100000011
0 268 12 101011100001011010
0 319 7 000001010001010100
0 -434 2 00011100010000111101
0 311 7 000001010001010011
0 -345 6 1010111000001001001
1 -174 1 000111000100001111001
1 -88 3 10101110000101100010
1 -66 5 0100000010000100011
0 387 4 0001110000011100010
0 261 14 00000101001100010
1 59 7 000001010000100110
0 -523 1 000111000100000110010
0 403 3 10101110000101100011
2 -30 1 000111000100000110011
1 96 4 0001110000011011000
1 126 3 10101010110111111101
2 -24 1 000111000100100001000
1 75 4 0001110001001111010
0 273 11 011001011001001011
0 275 14 00000101000101111
1 -149 1 000111000100100001001
1 -120 1 000111000100100001011
1 -94 2 00011100010010110101
0 279 12 101011100000110000
1 -90 1 000111000100110001010
1 176 1 000111000100110001011
0 355 2 00011100010000100001
3 -27 1 000111000100101111010
0 278 15 00001010000110010
2 44 1 000111000100101111011
2 36 2 00011100010111011100
0 312 6 1010111000011000000
0 329 4 0001110001011101000
0 370 4 0001110000011100110
0 371 4 0001110000011100100
0 446 1 000111000100101110011
0 341 2 00011100010100101101
0 -490 1 000111000101110111011
0 -496 1 000111000101001010011
0 351 4 0001110001010011110
0 332 8 000111000101001101
0 460 1 000111000101001000011
0 -290 20 01000000100000000
0 483 1 000111000101000011011
0 364 4 0001110001010101110
0 -353 5 0100000010000110011
0 -363 4 0001110001001000110
2 -27 2 00011100010101000001
0 -321 12 101011100000100000
0 429 3 10101110000011001100
0 503 1 000111000100100010010
0 388 2 00011100010101101001
1 187 1 000111000100100010011
0 525 1 000111000100000010000
0 379 3 10101110000011001101
0 -337 7 000001010001011000
0 413 3 01100101100101011010
1 -148 1 000111000100000010001
0 478 1 000111000100000010011
0 -412 2 00011011000000001101
1 81 4 0001110001000001000
0 307 16 00011110000100011
0 335 4 0001110001000101100
0 500 1 000111100001001110010
0 514 1 000111100001001110011
0 -382 5 0100000010000110010
0 373 4 0001110001010000011
21 1 1 000111000100001100011
9 -4 1 000111000101001001101
0 472 1 000111000101001001111
0 340 5 0100000010000110000
0 396 2 00011100010100011011
0 430 3 10101110000101011110
0 441 1 000111000100000000111
0 383 4 0001110001000011111
1 -76 2 00011100010001011011
0 360 4 0001110000011100001
0 410 3 10101111010011101010
0 367 2 00011100010001001001
1 413 1 000111000001101101110
0 404 1 000111000001101101111
1 79 4 0001110001000010001
0 -299 8 000111000100001001
0 326 4 0001110001000011010
1 116 1 000111000100111100010
1 -86 3 10101110000101100100
1 -91 2 00011100010101000010
0 -388 6 1010111000001000011
3 17 2 00011100010101000011
0 -369 2 00011100010001010011
1 -118 1 000111000100111100011
0 280 12 101011100000101010
0 -386 2 00011100010001010010
0 -393 4 0001110001010011101
1 88 3 10101010110111111000
0 -430 1 001010011100101001101
1 86 2 00011100010001001000
0 -401 3 10101110000011000110
0 -463 1 000111000101000110100
1 -126 1 000111000101000110101
0 321 6 1010111000011110010
1 -197 1 000111000100000000101
34 1 1 000111000100001100001
31 -1 1 000111100001001110001
1 -99 5 0100000010001000101
0 399 2 00011100010001010000
1 279 1 000111000101011010000
3 14 2 00011100010010001000
0 -427 4 0001110001010011000
0 362 2 00011100010100001100
1 -112 1 000111000101011010001
1 183 1 000111000101001000001
0 -438 1 000111000101001011000
0 -358 9 001100001110001111
1 109 2 00011100010010111000
0 -414 2 00011100010010111100
2 -32 2 00011100010000100000
0 451 1 000111000101001011001
1 -95 1 000111000101100100001
0 -431 1 000111000100110001001
0 -381 2 00011100010001000100
0 -391 4 0001111000010010110
0 348 2 00011100010000011000
1 -142 2 00011100010101110100
0 -377 6 1010111000001101101
2 -23 4 0001110001001011000
1 -82 2 00011100010111011000
0 -448 2 00011100010010010000
2 -48 1 000111000100101101001
1 -156 1 000111000001101110001
0 325 4 0001111000010010100
0 378 3 10101110000110101001
4 -18 1 000111000100000000001
1 -67 3 10101111010011000101
2 -31 1 000111000101010101100
1 -123 1 000111000101010101101
5 8 1 000111000100111011100
0 391 2 00011100010011101100
0 331 6 1010111000001010000
1 -136 1 000111000100111011101
0 428 4 0001110001010001110
0 -413 2 00011110000100010000
0 380 1 000111000101011011101
0 -446 1 000111000101110001000
0 -494 1 000111000101110001001
0 -423 3 11101101110000110001
0 -390 2 00011100010100100100
1 -131 3 10101110000010100110
0 412 2 00011100010100011000
0 426 1 000111000101000100101
7 4 3 10101110000101011111
0 353 4 0001110001001100101
0 -471 1 000111000100110010000
0 -521 1 000111000100110010001
0 347 7 1111110001010001111
0 -444 3 10101110000011010011
0 -404 1 000111000100001110100
1 -73 6 1010111000001000101
0 338 3 10101110000010010001
0 375 5 0100000010001011000
0 -433 1 000111000100001110101
0 477 2 00011100010000011010
0 385 1 000111000100111010001
0 -486 1 000111000101010011101
0 417 2 00011100010101001010
0 -354 2 00011100010101001000
0 -366 3 10101111010011101011
1 -128 1 000111000001110000000
2 32 3 10101010110111111111
0 -347 2 00011100010111000000
0 -411 3 10101010110111111110
1 123 3 10101010110111111001
0 -443 2 00011100000110110100
1 -101 1 000111000001110000001
0 352 2 00011100010010000110
5 -8 3 10101110000100000101
1 -100 1 000111100001000101000
0 -408 3 10101110000101000110
0 -422 2 00011100010010111110
1 -138 2 00011100010010111010
0 -394 2 00011100000110010110
4 10 1 000111100001000101001
0 346 3 10101110000101100111
0 -435 2 00011100010111011110
1 128 1 000111000001100101001
1 -116 2 00011100010111010010
1 137 2 00011100000111001110
1 85 1 000111000101001011100
0 306 4 0001110001010010001
1 229 1 000111000101001011101
0 -495 2 00011100010100110010
0 384 3 10101111010011000110
0 552 1 000111000101001110001
0 401 2 00011100010101011010
0 465 1 000111000101010111101
1 99 2 00011100010010001110
0 -472 1 000111000100100010100
0 488 1 000111000100100010101
0 390 3 10101110000010000100
2 -42 1 000111000101011111100
0 457 1 000111000101011111101
0 389 3 10101110000110101101
0 -458 1 000111000101011111001
0 -409 2 00011110000100111010
2 -57 1 000111000100000010101
1 -176 2 00011110000100100000
1 103 4 0001101100000000101
2 58 1 101011100001010101110
0 471 1 000111000100000010100
3 18 1 000111000101011111000
2 -37 2 00011100010110101110
1 -111 2 00011100010101011000
2 -49 1 000111000101010111100
4 9 1 000111000101001110000
0 345 4 0001110001011101010
2 -36 1 000111000001100101000
0 437 2 00011100000110110010
0 -428 2 00011100010101001100
2 33 1 000111000101010011100
1 121 1 000111000100111010000
0 -357 4 0001110001001000001
1 113 2 00011100010010010010
1 -134 1 000111000101000100100
1 110 2 00011110000100101010
1 -69 1 000111000101011011100
2 -28 2 00011100010101010100
0 -419 3 10101110000110101000
1 211 1 000111000100000000000
0 470 1 000111000001101110000
1 107 1 000111000100101101000
1 131 1 000111000100110001000
2 -41 1 000111000101100100000
0 -338 2 00011100010100101000
1 -92 1 000111000101001000000
2 -34 2 00011011000000001100
2 46 1 000111100001001110000
0 -449 1 000111000100001100000
0 -527 1 000111000100000000100
1 -96 2 00011100000110110110
0 458 1 001010011100101001100
2 30 2 00011100010011110000
0 394 2 00011100010001011010
11 3 1 000111000100000000110
0 -452 1 000111000101001001110
1 120 1 000111000101001001100
1 -160 1 000111000100001100010
0 449 3 01100101100101011011
4 -12 1 000111000100000010010
0 -384 2 00011100010001010001
0 372 2 00011100010101000000
0 443 1 000111000101000011010
1 -153 1 000111000101001000010
0 -461 1 000111000101001010010
0 411 1 000111000101110111010
0 533 1 000111000100101110010
0 463 2 00011100010110010001
1 -102 2 00011100010001000101
10 4 1 000111000100100001010
0 406 3 10101010110111111100
0 409 2 00011100010101110101
1 118 1 000111000100001111000
0 535 1 000111000100100000010
0 -405 2 00011100010010010001
4 7 2 00011100010100000101
1 163 1 000111000101011011000
1 -189 1 000111000101010101110
14 2 1 000111000100111011110
0 363 1 000111000100111011010
3 -26 1 000111000001101010000
0 -492 1 000111000101011011110
0 492 1 000111000101000111110
8 4 1 000111000101000111100
0 374 2 00011100010111000101
0 -410 1 000111000101000100110
2 31 1 000111000101000100000
2 -46 1 000111000101001001010
2 -56 1 000111000001101110100
2 -39 1 000111000100100100110
1 -235 1 000111100001000010110
1 -191 1 000111100001000010100
2 60 1 000111100001000010000
1 -122 1 000111000100010000010
1 -104 1 000111000100001110110
0 -491 1 000111000100001110000
0 -502 1 000111000100010010110
1 -124 1 000111000101011101100
0 -467 1 000111000100111010010
0 -437 1 000111000100000110110
1 -119 1 000111000101010011110
0 -478 1 000111000101010010110
0 -387 2 00011100000111000111
2 35 1 000111000001110001100
0 -498 1 000111000001110000010
1 140 1 000111000101110000010
0 497 1 000111100001001011110
1 -253 1 000111100001001011100
0 -415 1 000111000100001011010
3 -24 1 000111000100001011000
2 47 1 000111000001101101010
0 -509 1 000111000001101100110
0 550 1 000111000100100001110
2 28 1 000111000100111100100
1 -184 1 000111100001000101010
0 -380 1 000111000100101101110
0 -477 1 000111000100101101100
0 -547 1 000111000100101111110
1 219 1 000111000100101110110
3 28 1 000111000001100101110
1 92 1 000111000100001101110
1 -286 1 000111000100001101100
0 -426 1 000111000101110111110
0 -550 1 000111000101110101100
0 424 1 000111000101110100110
3 29 1 000111000101001010110
2 -40 1 000111000101001010100
5 -9 1 000111000101010001000
0 -418 1 000111000101010111110
1 162 1 000111000101010110110
0 377 2 00011100010010001111
1 281 1 000111000100100010110
2 -33 1 000111000101101011000
3 22 1 000111000100000010110
1 -224 1 000111100001001110110
0 400 1 000111100001001000010
28 1 1 000111000001101111110
0 431 1 000111000001101111100

