0 102 1 0011100001011110010
0 100 1 0011100001011110011
0 1 55085 011
0 0 205016 1
0 -1 54170 010
0 -2 15230 0001
0 -3 6719 00000
0 2 15410 0010
0 3 6645 001111
0 -4 3735 000010
0 4 3811 000011
0 -12 191 00111000011
0 -11 277 0011010010
0 7 1162 00110101
0 11 249 0011000000
0 13 119 00110000010
0 5 2376 0011011
0 -6 1544 00111001
0 -9 525 001101000
0 8 783 001110001
0 10 343 0011100000
0 -5 2262 0011001
0 6 1595 00111011
0 -7 1055 00110001
0 -8 785 001110100
0 14 76 001101001110
0 12 196 00111010110
0 9 510 001100001
0 -13 150 00110100110
0 16 40 0011010011110
0 -10 382 0011101010
0 -16 65 001100000110
0 -18 39 0011000001111
0 -17 30 00111010111110
0 -14 111 001110101110
0 15 51 0011101011110
0 18 16 001110101111111
0 17 44 0011100001010
0 -15 86 001110000100
0 -20 13 001110000101110
0 -21 6 0011010011111111
0 -22 8 0011101011111101
0 -23 7 0011100001011111
0 -19 19 00110100111110
0 33 1 0011101011111100001
0 24 1 0011101011111100011
0 28 4 00111010111111001
0 -26 1 001100000111001000
0 37 2 00110000011100101
0 -28 3 00111000010110000
0 35 1 001100000111001001
0 -35 1 001100000111001101
0 34 2 00110000011101000
0 -24 5 0011010011111110
0 -36 1 001100000111010010
0 41 1 001100000111010011
0 -39 3 00111000010110011
0 36 2 00110000011100001
0 20 10 001101001111110
0 29 4 0011000001110001
0 -25 2 00110000011101010
0 -37 1 001110000101111000
0 -30 3 00111000010110010
0 26 3 00111000010110001
0 21 12 001110000101101
0 19 9 001100000111011
0 23 4 00111000010111101
0 31 2 00110000011100000
0 -29 2 00110000011100111
0 25 1 001100000111001100
0 22 3 00110000011101011
0 27 1 0011101011111100010
0 -27 1 0011101011111100000

