0 329 49 101000000010
0 10 1377 0110111
0 -8 1361 0110100
0 -58 360 100000000
0 -34 659 01010111
0 9 1422 0111110
0 -6 1538 1001001
0 -3 1648 1011100
0 -12 1313 0101010
0 -10 1326 0101101
0 -9 1370 0110101
0 18 1111 0000110
0 2 1675 1100000
0 22 902 11010111
0 0 1582 1010011
0 5 1568 1001111
0 81 340 011001110
0 83 304 001100110
0 66 357 011111101
0 44 533 111111011
0 -59 379 100011000
0 -80 317 010001000
0 -74 353 011101111
0 -17 1062 11111100
0 27 810 10110010
0 37 630 01000000
0 32 656 01010011
0 29 762 10001101
0 -35 673 01100110
0 -53 404 101100110
0 -27 836 10111111
0 17 1109 0000101
0 14 1220 0011011
0 3 1603 1010110
0 6 1603 1010111
0 21 966 11101000
0 12 1346 0110010
0 25 844 11000101
0 1 1652 1011101
0 43 598 00101000
0 30 751 10001010
0 -14 1160 0001111
0 -51 476 111000101
0 -45 551 00000111
0 -30 694 01110011
0 7 1566 1001101
0 48 491 111010111
0 -5 1567 1001110
0 -32 666 01011100
0 -2 1573 1010001
0 -22 914 11011010
0 -15 1121 0001000
0 23 890 11010010
0 28 767 10001111
0 -13 1265 0100001
0 -24 848 11000111
0 -4 1557 1001100
0 79 319 010001100
0 47 538 111111111
0 82 274 000001100
0 -52 461 110110111
0 -110 243 1110100101
0 220 105 11000010011
0 339 30 1110010010010
0 259 76 00110010010
0 179 134 11111110001
0 58 428 110010010
0 -75 323 010011100
0 -86 282 000011111
0 -23 927 11011101
0 61 387 100101011
0 106 242 1110100100
0 39 655 01010010
0 -16 1130 0001010
0 -46 536 111111101
0 -109 238 1110010000
0 -210 102 10110101101
0 -295 66 111110101000
0 -404 30 1110010010011
0 -188 107 11001000001
0 364 38 001100100110
0 386 25 1011000000001
0 213 104 10111101001
0 113 204 1011010111
0 38 586 00100001
0 -54 421 110001000
0 -91 273 000001010
0 -101 263 1111101000
0 -123 222 1101001101
0 -128 193 1001010101
0 -44 531 111111010
0 138 166 0101100110
0 191 112 11010100101
0 59 419 110000101
0 -94 261 1111011100
0 -246 69 00001000100
0 -350 27 1100110000000
0 -308 40 010000011101
0 316 38 001100100111
0 407 23 1000001011100
0 229 81 01001001111
0 124 228 1101100101
0 -11 1282 0100101
0 -7 1418 0111101
0 -21 983 11101100
0 -19 984 11101101
0 -26 810 10110100
0 36 618 00111100
0 -82 294 001000100
0 -177 119 11100100011
0 -208 89 01111000101
0 -49 469 111000001
0 -40 564 00010010
0 -47 493 111011100
0 15 1198 0010101
0 35 661 01011000
0 155 159 0100010110
0 158 128 11110011010
0 -38 648 01001111
0 -141 176 0111010111
0 -215 105 11000011000
0 -151 163 0101000011
0 -57 417 101111101
0 4 1590 1010100
0 8 1468 1000010
0 408 26 1011011110001
0 518 10 00110100001001
0 344 41 010100010111
0 171 123 11101110100
0 57 447 110100111
0 -112 241 1110011110
0 -166 151 0011000000
0 -198 115 11011100000
0 -258 66 111110101001
0 69 359 011111111
0 34 688 01101101
0 -66 355 011110011
0 -70 351 011101010
0 16 1188 0010011
0 46 524 111110000
0 67 414 101111001
0 -69 357 011111110
0 -65 373 100010001
0 -78 327 010100011
0 -61 427 110010001
0 13 1292 0100110
0 45 523 111101111
0 212 99 10101010100
0 368 35 000010011010
0 314 55 110100001000
0 160 133 11111011111
0 73 334 010111110
0 53 447 110101000
0 19 1048 11111001
0 -41 567 00010111
0 26 856 11001010
0 -153 152 0011001111
0 -282 42 010110011110
0 -179 134 11111110011
0 -33 668 01011110
0 -28 770 10010100
0 31 689 01110001
0 -50 486 111010011
0 -113 219 1100111010
0 -186 112 11010101011
0 -18 1043 11110110
0 112 226 1101100001
0 219 99 10101010101
0 211 106 11000110100
0 134 181 1000000101
0 103 257 1111010100
0 75 310 001111011
0 54 466 110111110
0 42 542 00000001
0 20 950 11100011
0 -83 308 001110100
0 -162 151 0011000001
0 -290 47 100010010011
0 -318 52 101111010100
0 159 132 11111010101
0 86 310 001111100
0 41 614 00111001
0 -89 299 001010010
0 169 140 0000111100
0 88 263 1111101001
0 -31 732 10000011
0 -122 220 1101000100
0 -67 345 011100001
0 33 666 01011101
0 52 478 111001011
0 55 455 110110011
0 223 102 10110110000
0 201 96 10010001000
0 116 205 1011011101
0 -181 113 11010110111
0 -254 76 00110100100
0 -195 106 11000110101
0 121 193 1001011100
0 -64 343 011011000
0 60 395 101000011
0 168 134 11111111000
0 126 191 1000111010
0 -263 61 111010100010
0 -244 91 10000001101
0 135 170 0110011110
0 115 211 1100011001
0 118 214 1100101100
0 277 67 111111110010
0 181 101 10110101100
0 117 220 1101000101
0 11 1343 0110000
0 -88 264 1111101011
0 -142 178 0111100101
0 -259 69 00001000101
0 -378 36 000110000011
0 -382 29 1101100100101
0 -1 1575 1010010
0 85 300 001011001
0 -39 578 00011100
0 -55 421 110001001
0 -48 501 111100001
0 68 371 100010000
0 -63 406 101100111
0 24 879 11001111
0 77 344 011011001
0 109 239 1110010101
0 280 58 110111000010
0 279 53 110000111001
0 221 94 10001011000
0 143 159 0100010111
0 90 289 000111010
0 63 375 100010011
0 93 309 001110110
0 -272 66 111110110000
0 -415 21 0101011010101
0 -228 87 01110010011
0 49 478 111001100
0 307 40 010010000101
0 404 32 1111001101110
0 233 79 01000001010
0 133 204 1011011001
0 -87 273 000001011
0 -98 234 1110000000
0 -106 226 1101100010
0 -111 221 1101000111
0 224 99 10101010111
0 153 147 0010001010
0 -225 71 00010011001
0 -344 40 010001110000
0 -326 37 001000000011
0 -62 388 100101111
0 275 63 111100011010
0 400 24 1000110011010
0 248 78 00111110100
0 145 158 0100000110
0 56 406 101101010
0 -185 107 11001011010
0 -265 49 101000000011
0 -218 83 01011001110
0 62 402 101100011
0 165 144 0001101010
0 74 345 011100101
0 -100 259 1111010110
0 84 303 001100101
0 348 36 000110001010
0 481 15 11011100001101
0 332 44 011101100000
0 200 113 11011000110
0 110 221 1101001100
0 -137 168 0110001101
0 -232 79 01000001011
0 -224 90 10000000100
0 -191 109 11001110010
0 -120 210 1100001101
0 40 605 00110001
0 -25 799 10101011
0 -77 306 001110001
0 127 206 1011110001
0 320 38 001101001011
0 326 47 100010110010
0 214 103 10110111101
0 114 239 1110011010
0 -71 352 011101110
0 -97 253 1111001001
0 -184 139 0000100101
0 -36 590 00100011
0 -189 107 11001011011
0 128 204 1011011011
0 264 77 00111010100
0 231 92 10000110100
0 87 264 1111101110
0 -20 939 11100001
0 -134 189 1000110010
0 -223 87 01110100000
0 64 393 101000010
0 -56 432 110011001
0 180 131 11111000101
0 235 74 00100100100
0 215 80 01001001000
0 137 163 0101000100
0 -180 128 11110100010
0 -240 89 01111110000
0 -178 136 0000010000
0 105 232 1101110010
0 -150 157 0011111110
0 -239 71 00010110101
0 -217 95 10001100111
0 -81 296 001001010
0 139 161 0100111010
0 98 251 1111000101
0 254 65 111101010110
0 96 247 1110111100
0 -95 250 1111000001
0 -158 146 0010000001
0 -243 76 00110100110
0 -360 28 1101010111100
0 -29 772 10010110
0 -43 557 00001110
0 70 319 010001101
0 -60 432 110011010
0 76 299 001011000
0 -93 269 000000001
0 199 114 11011011000
0 290 40 010001110001
0 271 59 111000100010
0 196 103 10111101000
0 97 260 1111010111
0 -79 301 001011100
0 -167 153 0011100000
0 -253 62 111011110110
0 -377 28 1101010111101
0 -296 52 101111010110
0 270 80 01001001001
0 375 25 1011000000010
0 245 78 00111110101
0 136 196 1010000010
0 260 67 111111110011
0 166 141 0001001101
0 -207 98 10100000110
0 -346 43 011100000100
0 -92 245 1110101101
0 436 15 11100111010000
0 296 53 110010000000
0 150 164 0101011011
0 -260 60 111001110101
0 -241 71 00010110110
0 151 155 0011110101
0 72 353 011110000
0 -42 573 00011001
0 78 309 001110111
0 -103 241 1110011111
0 -117 234 1110000001
0 225 94 10001011100
0 366 34 000001001000
0 308 55 110100001001
0 184 154 0011101011
0 140 181 1000000111
0 -204 125 11101111111
0 -306 52 101111010111
0 -262 69 00001000111
0 -37 604 00101111
0 -84 302 001100001
0 -115 215 1100101110
0 50 488 111010101
0 202 102 10110110001
0 354 36 000110001011
0 92 275 000010000
0 -126 217 1100111000
0 -131 180 1000000011
0 -72 349 011101001
0 -118 215 1100101111
0 -133 182 1000001010
0 170 162 0101000010
0 258 53 110010000001
0 203 97 10100000000
0 -68 301 001011010
0 -170 128 11110100101
0 -320 40 010010010110
0 149 148 0010010011
0 -104 228 1101101101
0 -168 119 11100100101
0 51 464 110111101
0 65 395 101010100
0 239 87 01110100010
0 210 105 11000011001
0 -96 272 000000111
0 152 170 0110011111
0 -164 157 0011111111
0 141 184 1000011100
0 216 104 10111101110
0 -105 233 1101111110
0 -171 110 11010000101
0 -255 75 00100101111
0 -266 72 00011011100
0 175 107 11001001110
0 257 68 00000100101
0 174 129 11110100111
0 94 264 1111101101
0 -145 177 0111100100
0 -327 50 101100010000
0 -357 34 000001001001
0 274 60 111001110111
0 232 87 01110100011
0 -73 305 001101011
0 192 102 10110111001
0 187 117 11011111111
0 -194 112 11010110101
0 -281 60 111001101101
0 -362 35 000011110100
0 -149 158 0100010100
0 104 251 1111000100
0 413 21 0110001010100
0 324 44 011101100001
0 167 135 0000001000
0 -154 131 11111000110
0 -270 71 00010110111
0 176 134 0000000000
0 244 71 00011000000
0 247 74 00100100101
0 131 191 1000111011
0 132 151 0011001000
0 147 178 0111111001
0 -143 153 0011100001
0 -90 301 001011011
0 -108 236 1110001001
0 -135 185 1000011111
0 237 75 00101001110
0 334 44 011101101100
0 157 160 0100100010
0 -172 164 0101100100
0 -160 144 0001101101
0 -314 40 010010010111
0 163 142 0001100001
0 -102 211 1100011000
0 209 85 01100011111
0 71 325 010100000
0 -212 116 11011110001
0 -285 54 110011000001
0 -169 138 0000100100
0 -152 144 0001101000
0 89 283 000100111
0 -156 144 0001101001
0 -173 116 11011110010
0 -385 38 001101001110
0 111 232 1101110011
0 -76 336 011000100
0 -165 117 11100010000
0 321 44 011101101101
0 253 77 00111010101
0 -107 214 1100100110
0 -303 39 001111110010
0 -367 27 1100110000001
0 312 48 100100011001
0 349 26 1011110111100
0 -125 205 1011011111
0 -159 157 0100000100
0 -369 26 1011110111101
0 380 30 1110011101001
0 328 48 100100011010
0 -230 110 11001110110
0 197 113 11011000111
0 299 56 110101010001
0 252 77 00111101000
0 -163 141 0001011000
0 -138 208 1011110110
0 -99 247 1110111011
0 -114 220 1101000000
0 95 268 1111111101
0 120 206 1011110000
0 276 55 110011101110
0 142 168 0110001011
0 -157 149 0010100110
0 146 147 0010010000
0 -85 302 001011101
0 -192 126 11110010000
0 -213 105 11000011101
0 125 200 1011000001
0 172 125 11110000000
0 -183 113 11011001000
0 123 196 1010000001
0 195 121 11101010000
0 234 77 00111101001
0 188 107 11001000010
0 -234 92 10000110110
0 -323 37 001001011000
0 148 164 0101011001
0 107 226 1101100000
0 -129 177 0111100011
0 -146 188 1000101101
0 -127 200 1011000011
0 649 5 010000011100100
0 161 129 11110101010
0 -975 1 110101011011100100
0 99 224 1101011000
0 -200 119 11100100110
0 -353 36 000110111011
0 208 110 11010000110
0 405 15 11100111010001
0 345 31 1110111101110
0 186 137 0000011011
0 -136 185 1000011110
0 108 220 1101000001
0 -221 82 01010110000
0 -325 45 011111100011
0 -401 17 0000001101100
0 -275 69 00001001100
0 342 44 011101101110
0 352 22 0111011011110
0 -280 63 111100011011
0 -119 231 1101110001
0 243 70 00001111011
0 249 78 00111110111
0 -315 43 011100000101
0 -132 165 0101100101
0 699 3 0100000111001011
0 416 24 1001000110110
0 -950 1 110101011011100101
0 -148 148 0010010001
0 101 244 1110101001
0 102 252 1111000111
0 256 88 01110110101
0 265 73 00011101111
0 303 51 101101101010
0 177 122 11101011001
0 -345 29 1101111001100
0 406 18 0001100011000
0 -289 47 100010110011
0 -479 17 0000001101101
0 -410 23 1000001011101
0 272 75 00101001111
0 385 28 1101010110000
0 227 94 10001011101
0 -197 104 10111110001
0 -176 131 11111000100
0 -316 51 101101101011
0 -310 48 100100001111
0 -286 65 111101010111
0 -147 152 0011010100
0 -190 127 11110010100
0 633 7 101111100001101
0 388 25 1011000100010
0 -1129 1 110101011011100111
0 250 73 00100000101
0 -242 74 00100101101
0 311 57 110110110010
0 317 41 010101101011
0 173 136 0000001010
0 255 63 111100100010
0 -269 62 111011111100
0 -130 187 1000100101
0 383 30 1110011100000
0 -386 18 0001100011010
0 -531 6 100011001101111
0 -300 52 101111100100
0 267 73 00100000000
0 156 133 11111110000
0 91 255 1111001011
0 190 105 11000011110
0 -174 159 0100010101
0 -379 35 000011110101
0 -299 56 110101101100
0 -322 52 101111100101
0 -161 131 11111000111
0 80 317 010001001
0 -288 55 110011101111
0 695 5 010000011100110
0 122 183 1000011000
0 -937 2 11110011101101010
0 402 29 1101111001101
0 246 66 111110110001
0 -309 60 111001110001
0 -411 28 1101010110001
0 350 31 1110111101111
0 340 45 100000010010
0 100 239 1110010100
0 -220 96 10010000100
0 -252 73 00100010110
0 284 55 110100011000
0 154 135 0000001001
0 -447 17 0000010011100
0 -516 9 00000000011101
0 357 35 000010011100
0 198 91 10000010110
0 144 160 0100011111
0 207 117 11011111110
0 129 191 1001000000
0 -324 40 010010001100
0 -124 189 1000101111
0 -291 41 010101100010
0 -116 209 1100001000
0 -271 71 00010110010
0 -354 35 000010011101
0 875 2 11110011101101011
0 -717 3 1000110011011101
0 395 24 1001000101101
0 266 60 111001110010
0 -140 160 0100011101
0 381 22 0111011010011
0 341 34 000001001111
0 185 124 11101111010
0 164 162 0100111011
0 394 27 1100110110101
0 330 54 110011011011
0 -376 35 000010011110
0 -556 5 010000011100111
0 -358 40 010010000001
0 236 79 01000001111
0 240 95 10001110010
0 -144 200 1011000010
0 119 185 1000011101
0 399 16 11110011110000
0 319 56 110101001000
0 -305 56 110101001001
0 -393 26 1100001001000
0 -251 67 111111100100
0 -229 92 10000110011
0 -233 65 111101110100
0 -277 66 111110111100
0 487 17 0000010011101
0 -592 9 00011000110111
0 318 39 001111110011
0 370 33 1111011101011
0 360 43 011100100100
0 194 107 11001000011
0 301 48 100100000101
0 -216 108 11001100010
0 -372 32 1111001100011
0 -544 6 100100011011111
0 -399 16 11110010101110
0 288 62 111011111101
0 269 53 110001101111
0 205 105 11000011111
0 130 181 1000001000
0 -155 153 0011010101
0 323 39 001111110100
0 162 146 0010000011
0 -293 43 011100100101
0 -398 20 0100100000001
0 -121 181 1000001001
0 -202 109 11001110011
0 -256 72 00011011111
0 242 71 00010110011
0 -559 11 01110110100101
0 283 62 111011111010
0 -175 125 11110000001
0 -268 61 111011101010
0 -203 107 11001001111
0 -222 111 11010001101
0 376 28 1101011001010
0 355 35 000010011111
0 294 54 110011000110
0 -429 28 1101011001011
0 -614 3 1001000010111100
0 -338 36 000110001111
0 304 48 100100010101
0 338 50 101100010110
0 -139 195 1001011101
0 263 72 00011101110
0 -421 14 11010101101101
0 251 64 111101000000
0 -236 86 01110010000
0 -301 60 111001110011
0 -219 95 10001110000
0 -235 84 01100011000
0 398 21 0110001111010
0 -434 19 0011010011110
0 315 64 111101000001
0 289 40 010010000011
0 189 108 11001101100
0 -250 76 00110100010
0 -349 38 001101000110
0 -245 68 00000011000
0 226 102 10110110100
0 377 29 1101111001110
0 -395 33 1111101100100
0 -579 13 10111110000111
0 -414 27 1100110001110
0 193 99 10101010110
0 -187 109 11001101111
0 -199 86 01110000000
0 -304 55 110100011001
0 -397 30 1110011011100
0 230 84 01100011100
0 -237 93 10001001000
0 -193 124 11101111100
0 425 19 0011010011111
0 556 7 110101101000011
0 -394 38 001101000000
0 -504 13 10111110011010
0 285 46 100001100100
0 228 112 11010101001
0 -264 68 00000011001
0 306 42 010111111001
0 372 35 000100110000
0 -214 78 00111111000
0 182 144 0001101100
0 -302 44 011101011001
0 -508 9 00011000111010
0 -574 4 1111001110110111
0 298 52 101111100111
0 -273 66 111110110011
0 -319 48 100100011101
0 -340 37 001001011101
0 222 84 01100011001
0 -205 100 10110000001
0 465 11 01110110011000
0 488 16 11110011100111
0 -292 55 110100001110
0 -1157 1 111100110011100111
0 -311 59 111001001000
0 -248 76 00110011100
0 -284 51 101101111001
0 -182 131 11110111011
0 -279 53 110001101100
0 351 24 1001000111001
0 -461 13 10111110011011
0 -639 3 1001000010111101
0 -206 95 10001110001
0 -267 67 00000000010
0 433 28 1101011001110
0 356 44 011101100101
0 238 90 10000001100
0 -1517 1 111100111011011011
0 -329 44 011110001000
0 183 119 11100100010
0 -278 56 110101001111
0 -370 27 1100110001111
0 204 112 11010100110
0 291 68 00000011010
0 -402 21 0110001111011
0 -196 122 11101011000
0 -634 7 110101011011101
0 -276 58 110111100001
0 -1522 1 111101001001100001
0 455 21 0110001010000
0 -201 108 11001100001
0 -460 16 11110100110000
0 -211 101 10110001010
0 -368 29 1101111001111
0 305 46 100001100101
0 -341 46 100001101010
0 -611 5 010010000000011
0 -337 45 100000001010
0 -375 30 1110011011000
0 -1408 1 111101001001100011
0 521 7 110101011011110
0 -407 17 0000010011011
0 335 46 100001101011
0 -515 18 0001101011010
0 -449 27 1100110111010
0 -238 81 01010001010
0 -1253 1 111101001001100111
0 512 13 11000011100000
0 -321 48 100100011110
0 359 44 011110001001
0 -436 29 1101111000000
0 -336 39 001111110101
0 -332 42 011000101001
0 -513 9 00011000111011
0 -1165 1 111101001001111111
0 449 5 010010000111010
0 -348 49 101000001111
0 424 24 1000111001111
0 322 51 101101110000
0 -317 32 1111001101100
0 -482 11 01110110001000
0 -563 9 00011010110111
0 -1069 1 111101001100010101
0 -438 18 0001101011100
0 369 43 011100100011
0 -431 24 1001010100010
0 241 72 00011011110
0 378 31 1110111010111
0 -444 25 1011000100011
0 -328 47 100011001100
0 -578 4 1111010011000111
0 361 37 001000101110
0 -1088 1 111101001100010111
0 -347 33 1111101111010
0 309 56 110101101101
0 178 137 0000011010
0 282 51 101101110001
0 -441 15 11100111011000
0 -249 71 00010110100
0 -423 22 0111011000101
0 -424 20 0100011110010
0 -588 10 01000111100001
0 -257 69 00001000110
0 -1081 1 111101001100011011
0 262 73 00100000100
0 397 28 1101010111111
0 -274 53 110001101101
0 -406 23 1000011011101
0 286 59 111000100011
0 -298 46 100001101111
0 -576 11 01110110001001
0 421 22 0111011000110
0 -1085 1 111101000011110011
0 -331 53 110001101110
0 443 14 11010101110110
0 426 18 0001101011101
0 -209 84 01011111111
0 -227 86 01110000001
0 471 12 10010000111000
0 -330 44 011111100010
0 -1112 1 111101000011110111
0 295 56 110101010000
0 470 13 11000011100001
0 423 24 1001000011101
0 367 30 1110011101101
0 -457 12 10010000111001
0 -565 4 1111001110001101
0 594 11 01110110001110
0 -463 16 11110100001010
0 -1100 1 111100110110101011
0 327 52 101111010101
0 391 28 1101011001000
0 -530 13 10111101111100
0 624 7 110101011011111
0 -374 33 1111101111011
0 -555 5 010010011001010
0 292 55 110100001111
0 -1098 1 111100110110101111
0 273 62 111011111011
0 446 22 0111010110100
0 -226 90 10000001000
0 206 86 01110000011
0 -468 8 111100111111010
0 -462 14 11010101110111
0 529 10 01001001100110
0 -380 34 000001000111
0 -1004 1 111100111000111101
0 432 15 11100110111101
0 484 18 0001110110000
0 -467 13 10111101111101
0 -456 12 10010101000010
0 -371 37 001000101111
0 353 36 000111011001
0 -231 72 00011101101
0 473 14 11010101101010
0 420 23 1000100100101
0 -501 12 10010101000011
0 268 56 110101011001
0 -472 14 11010101101011
0 492 8 111100111111011
0 373 38 001101000011
0 -480 16 11110011001000
0 -432 13 10111101111110
0 -364 42 011000111010
0 -499 10 01001001100111
0 261 56 110101011100
0 493 13 11000010010100
0 -446 23 1000001011110
0 -373 25 1011000100100
0 -483 9 00100000001000
0 -728 2 11110100001011111
0 287 57 110110010011
0 379 30 1110010011110
0 -307 51 101100010111
0 396 25 1011000100101
0 -333 34 000000101110
0 -469 16 11110011001001
0 -1039 1 111100111000111111
0 313 42 011000111011
0 -352 33 1111111001010
0 387 28 1101011001100
0 -313 48 100100010011
0 -294 44 011101000011
0 362 41 010101101000
0 -1092 1 111100111101110001
0 218 76 00110011101
0 -287 63 111100011001
0 -343 41 010101101001
0 -1096 1 111100111101110011
0 -1078 2 11110010101010000
0 384 22 0111010110101
0 -522 12 10010000011111
0 -494 9 00100000001001
0 -973 1 111100101010100010
0 454 15 11100110111111
0 -466 10 01001000011011
0 -390 20 0100100011110
0 -675 2 11110010101010011
0 477 21 0101111110111
0 390 32 1111001110101
0 -427 24 1001000010101
0 544 4 1111010011011010
0 -312 52 101111100000
0 410 17 0000001011000
0 382 25 1011000100111
0 596 3 1001000001111001
0 371 20 0100100011111
0 333 48 100100010111
0 403 35 000010011011
0 417 21 0101100111110
0 281 57 110110110011
0 645 5 010010011001011
0 325 48 100100000100
0 -261 68 00000100010
0 392 24 1001000111111
0 447 23 1000001011111
0 485 16 11110111010101
0 -283 64 111101001000
0 532 10 01001001100011
0 641 4 1111010011011110
0 -334 43 011101000010
0 -422 24 1001010100111
0 347 30 1110010011101
0 498 8 111100111000000
0 536 8 111100111000001
0 897 1 111100101010100011
0 -396 26 1100001001011
0 598 6 100101010011011
0 331 43 011100100010
0 -356 27 1100110111011
0 -464 12 10010001010000
0 483 16 11110100001101
0 568 4 1111010011011111
0 1036 1 111100101010101111
0 588 9 00011000100001
0 -492 14 11011001001000
0 -547 7 110110010010010
0 365 35 000110000010
0 560 5 010010011010010
0 1024 1 111100110001010101
0 593 5 010010011010011
0 -471 16 11110011011111
0 428 21 0110001010111
0 867 2 11110010001101001
0 482 19 0011010000101
0 -487 6 100100010100011
0 457 20 0100100011101
0 541 8 111101000111001
0 -626 2 11110010001101011
0 -247 79 00111111011
0 524 7 110110010010011
0 337 36 000110101100
0 -361 37 001001011001
0 -419 19 0011010010100
0 528 8 111100011000111
0 -537 6 100011100110000
0 -430 17 0000010001101
0 -597 7 110101010101000
0 -403 19 0011010010101
0 516 11 01110110001111
0 439 21 0101111110100
0 -470 20 0100100111011
0 358 27 1100110111000
0 -519 15 11100100111001
0 -448 12 10001110011001
0 278 64 111100110000
0 460 17 0000001101110
0 346 31 1110101000111
0 -514 16 11110010001110
0 -417 21 0101111110101
0 427 21 0110001111000
0 217 78 00111110110
0 409 20 0100100011010
0 537 6 100011100110001
0 293 41 010101100011
0 539 5 010010011010111
0 -416 25 1011011110000
0 415 22 0111010110111
0 542 4 1111010001110111
0 -453 27 1100110110100
0 631 8 111100100011111
0 708 2 11110100011101101
0 336 40 010010010101
0 753 1 111100110001010111
0 674 3 1001010100110101
0 297 48 100100001101
0 302 41 010100010110
0 757 2 11110010101100000
0 -498 9 00011000100010
0 526 5 010010001101110
0 637 6 101100000000010
0 -575 5 010010001101111
0 898 1 111100110010110011
0 742 2 11110010101100011
0 513 11 01110110100010
0 704 2 11110010101100111
0 676 4 1111001110100010
0 -484 10 01000111001000
0 -355 32 1111001111101
0 550 10 01000111001001
0 434 35 000100110001
0 -445 22 0111011001000
0 -476 20 0100011100101
0 -383 30 1110011100001
0 -651 2 11110011101000110
0 -688 3 1011000000000110
0 -616 8 111100111010011
0 -507 6 100100000111000
0 -433 21 0110001111001
0 -557 4 1111001110100101
0 -389 25 1011000000011
0 -351 30 1110010011111
0 -477 14 11010101110101
0 -506 12 10010000011101
0 -485 12 10010000101000
0 -381 28 1101011001101
0 -475 18 0001101011110
0 559 10 01001001101101
0 -359 31 1110111010110
0 461 20 0100100110111
0 -437 17 0000001101111
0 -618 1 111100101011000011
0 300 45 100000001011
0 -490 16 11110100110101
0 -589 3 1011000000000111
0 -602 8 111101001001010
0 -548 11 01110101100010
0 -391 29 1101111000001
0 -495 17 0000000001100
0 -505 19 0011010000011
0 632 5 010001111010110
0 545 10 01010110101000
0 -666 2 11110100110100110
0 616 6 100100000111001
0 -695 6 100100001011000
0 -543 9 00011000100011
0 610 5 010001111010111
0 -342 49 101000001110
0 -425 22 0111011001111
0 459 18 0010010111000
0 310 48 100101010010
0 -450 11 01110101100011
0 553 10 01010110101001
0 389 28 1101011010010
0 -451 16 11110011110011
0 548 10 01001001100000
0 -518 5 010010011000010
0 450 12 10010000101101
0 584 5 010010011000011
0 -339 33 1111101100101
0 401 28 1101011001111
0 343 34 000001001100
0 -297 45 100000010011
0 -582 6 100100001011001
0 -442 13 11000010010101
0 613 4 1111001100110100
0 -568 8 111100110011011
0 -509 9 00011010111111
0 422 19 0011010001110
0 444 17 11111110010110
0 -648 3 1001000011000000
0 -538 11 01110110010010
0 -384 27 1100110111001
0 -512 11 01110110010011
0 -526 7 110101010101001
0 451 20 0100011110011
0 -365 30 1110011011001
0 -489 11 01110110011010
0 500 14 11010101111101
0 440 17 11111110010111
0 -405 21 0110001010101
0 -601 3 1001000011000001
0 601 5 010010001110010
0 -549 10 01000111101000
0 -541 6 100100001100010
0 -585 4 1111001100110101
0 507 7 110101001110000
0 -581 7 110101001110001
0 -529 9 00011000100110
0 -524 3 1001000011000110
0 -554 8 111100101010001
0 -528 8 111100101010010
0 -525 12 10001110011011
0 393 34 000000101111
0 -733 3 1001000011000111
0 -829 3 1001000100100100
0 -833 1 111100111010001111
0 -880 1 111101001101001111
0 -919 2 11110011111000010
0 -891 1 111100111110000110
0 -920 1 111100111110000111
0 -847 4 1111010010010001
0 801 3 1001000100100111
0 -776 6 100100010110001
0 654 2 11110011111000111
0 664 5 010010001110011
0 -583 7 110101101000111
0 -388 24 1001000011001
0 -697 5 010010011100100
0 -854 2 11110011001010001
0 435 21 0110001010110
0 -929 2 11110011001010011
0 -962 2 11110011001010101
0 -834 2 11110011001010110
0 635 4 1111011101010000
0 -696 4 1111011101010001
0 623 9 00100000001010
0 -826 1 111100111110001011
0 -1060 2 11110111010100100
0 438 15 11110001100000
0 -958 1 111100110010101111
0 453 16 11110011111100
0 -668 4 1111011101010011
0 -517 9 00100000001011
0 -366 23 1000011011100
0 -699 2 11110011111110110
0 -491 9 00011000100100
0 430 17 0000010011010
0 527 10 01001000001010
0 -412 21 0101111111011
0 -435 26 1100001001001
0 580 11 01110110111110
0 495 10 01001000001011
0 -820 2 11110011111110111
0 -452 19 0010010111001
0 1050 1 111101110101001011
0 -765 3 1001000100101111
0 617 6 100100000110001
0 -939 1 111100111011000011
0 1230 1 111100111011001110
0 -521 10 01001001110101
0 -1005 1 111100111011001111
0 591 10 01001001010000
0 -628 4 1111000110000101
0 475 14 11010101010000
0 -808 3 1001010100000100
0 523 15 11100110111010
0 489 21 0101111110000
0 -363 28 1101010101011
0 827 5 010010010100010
0 845 1 111101000110100111
0 1019 1 111100011000010011
0 -409 25 1011000100110
0 442 15 11100110111110
0 755 3 1001010100000101
0 -652 3 1001010100000110
0 -440 16 11110010101111
0 569 6 100100011000010
0 756 1 111100011000011111
0 -605 2 11110010001100000
0 715 4 1111001000110001
0 -408 18 0001110110001
0 -624 8 111101000110110
0 605 4 1111010001101110
0 683 1 111100110111101111
0 374 26 1011111001100
0 -719 2 11110011110001000
0 486 10 01000111001111
0 805 3 1001010100000000
0 585 6 100101010000001
0 511 11 01110110111111
0 646 4 1111001111000101
0 850 2 11110011110001001
0 737 2 11110011110001101
0 533 8 111100110011001
0 644 9 00011000111001
0 689 4 1111001110010000
0 540 21 0101111110001
0 555 9 00011011101000
0 -567 5 010001111000110
0 452 22 0111010110110
0 -455 16 11110001100010
0 572 4 1111001110010001
0 -629 4 1111001110010010
0 437 12 10010101001100
0 -426 22 0111010110000
0 -735 5 010001111000111
0 467 21 0101111110110
0 -662 3 1001010100000001
0 363 26 1100001110001
0 582 6 100011100111000
0 -723 4 1111001110010011
0 -724 5 010010000100011
0 592 2 11110011110001111
0 499 12 10010001001010
0 506 7 110101100100100
0 469 11 01110110100000
0 781 2 11110011101111100
0 744 1 111100100011000011
0 697 2 11110011101111111
0 916 1 111100111011111011
0 -617 7 110101010101010
0 602 8 111101001100111
0 796 2 11110100110011011
0 -539 10 01001000001000
0 -534 9 00011000110011
0 712 2 11110100001110000
0 -550 7 110101010101011
0 716 5 010001110011011
0 -635 5 010010000100000
0 669 5 010010000100001
0 831 3 1000111001110011
0 -769 1 111101001100110101
0 629 3 1001000110000010
0 -473 16 11110011110110
0 640 3 1001000110000011
0 -335 42 010111111100
0 800 1 111101000011100011
0 412 20 0100011110110
0 -465 17 0000000001101
0 458 19 0011010000010
0 859 1 111100111011101001
0 1175 1 111100111011101011
0 655 4 1111001010110100
0 733 3 1001000110001000
0 693 4 1111001010110101
0 514 10 01001001101010
0 902 2 11110011101110111
0 719 5 010010011000100
0 703 10 01001000011010
0 -631 5 010010011000101
0 547 9 00110100001000
0 752 4 1111001010110110
0 -714 3 1001000110001001
0 818 1 111100111011101101
0 795 3 1001000110001010
0 900 3 1001000110001011
0 -586 7 110101010100100
0 764 2 11110010101101111
0 754 2 11110100011110100
0 927 3 1001000110111010
0 -604 9 00011000111000
0 -739 3 1001000110111011
0 1052 1 111101000111101010
0 772 2 11110011100010100
0 741 2 11110011100010101
0 431 30 1110101000110
0 934 1 111101000111101011
0 -685 5 010001111010011
0 893 1 111100111000101111
0 634 6 100100001011100
0 -1012 1 111101001100101111
0 589 4 1111001010101111
0 -927 1 111100101010111011
0 653 2 0000000001110011
0 672 4 1111001111001001
0 597 4 1111001110001000
0 -459 17 0000001011011
0 -734 4 1111001110001001
0 -400 29 1101110000111
0 698 2 11110100011000000
0 -532 7 110101010100111
0 -731 3 1000111001110110
0 735 1 00000000011100101
0 -599 3 1000111001110111
0 622 4 1111001110111101
0 -692 1 111101000110000011
0 496 12 10001110011010
0 813 2 11110011100001001
0 -418 23 1000100100100
0 -571 5 010001110011100
0 -978 2 11110011100001011
0 738 3 1001000001101111
0 -758 2 11110011011110000
0 839 1 111100111000010001
0 604 6 100100000110011
0 -679 5 010001110011101
0 -420 21 0110001010001
0 830 2 11110011011110010
0 466 16 11110100001100
0 -875 3 1001000001100101
0 -488 11 01110110011101
0 869 2 11110011011110011
0 -598 6 100100010010000
0 1054 1 111100110111100011
0 798 1 111100110001000111
0 -623 8 111100111101010
0 723 1 111100101010000001
0 -716 3 1001000100100011
0 -609 3 1001000010100101
0 724 2 11110010101000011
0 497 7 110101101001110
0 -786 2 11110100110100001
0 -523 6 101100000000000
0 -630 10 01001000110110
0 -879 1 111100101010000011
0 1185 2 11110100110100011
0 -843 2 11110010001111010
0 -502 8 111101000111010
0 778 1 111100100011110110
0 -845 2 11110100011100001
0 682 3 1001000010100111
0 552 4 1111010001110001
0 -801 3 1001000101001110
0 725 2 11110100110110000
0 587 5 010010000110000
0 -822 1 111100100011110111
0 -439 15 11100110111100
0 448 15 11100111011001
0 628 4 1111010011011001
0 872 1 111101001101100011
0 -674 5 010010010100110
0 692 2 11110011011010001
0 -755 2 11110011011010011
0 -698 3 1001000101001111
0 639 4 1111010010011101
0 -642 6 100100011100001
0 476 9 00011000110110
0 680 5 011101101000010
0 -478 16 11110011001111
0 -825 2 11110100100111001
0 -497 10 01000111100000
0 578 10 01000111001100
0 -686 4 1111001111001011
0 803 1 111100110110110000
0 -707 2 11110011011011001
0 551 15 11100110111011
0 543 9 00011000100111
0 -896 2 11110011011011011
0 599 8 111100111101000
0 -633 3 1001000111000001
0 -591 6 100100011111000
0 608 3 1001000111110010
0 -796 1 111100110110110001
0 501 8 111100111001100
0 -627 6 101111100001100
0 464 10 01001001100100
0 759 3 1001000111110011
0 -701 2 11110001100011011
0 -533 4 1111010011011100
0 -612 6 100100010100110
0 538 14 11010110100110
0 478 13 10111110000100
0 468 14 11011100001100
0 414 14 11010110100000
0 804 1 111100011000110101
0 -656 7 110101010100110
0 714 4 1111010001100100
0 667 2 11110100110111011
0 677 2 11110100011001011
0 562 4 1111010001100011
0 -540 9 00011000110010
0 -561 4 1111001110111001
0 721 1 111101001101110101
0 -558 8 111100111111111
0 -428 19 0011010001111
0 494 8 111101000010011
0 879 1 111101000111100111
0 -587 6 100100010010110
0 463 7 110101101000110
0 989 2 11110011000100101
0 -572 7 110101101000100
0 607 1 111100111000011111
0 -392 16 11110011111001
0 957 2 11110011000100111
0 480 10 01001001101100
0 802 1 111100110001001101
0 505 14 11010101101001
0 -644 8 111100100011011
0 441 21 0101100111111
0 570 10 01001000011001
0 -454 17 0000000001111
0 648 3 1000110011011001
0 861 1 111100111101001111
0 -387 21 0101111111010
0 945 1 111100110011101000
0 418 10 01001000011100
0 491 14 11010100111010
0 762 2 11110011001110101
0 877 1 111100110011101001
0 -910 1 111100110011101111
0 863 1 111101000010000011
0 -669 5 010010010100100
0 620 1 111101000010010100
0 -486 13 10111101111111
0 -443 15 11100100111000
0 586 5 010001111011100
0 668 5 010001111000100
0 566 7 110101011011000
0 -577 7 110101100100101
0 -884 3 1001000001101101
0 -562 4 1111001101101111
0 709 4 1111001000110010
0 575 8 111100111111100
0 411 17 0000001011001
0 -842 1 111101000010010101
0 -520 14 11010101111100
0 -569 9 00011010111110
0 558 10 01000111101010
0 510 10 01001000010010
0 565 6 100100011000111
0 -779 3 1001000101100101
0 -702 5 010010011010110
0 531 4 1111010000100011
0 751 1 111101000010010110
0 429 20 0100100001111
0 564 10 01001000000000
0 -798 3 0111011010000110
0 -823 2 11110100001111101
0 810 1 111101000010010111
0 871 1 111101000011111111
0 -560 3 0111011010000111
0 -830 1 111101000010001001
0 -856 1 111101000010001011
0 -596 4 1111010000100100
0 474 17 0000010001100
0 -511 7 110101101000010
0 583 3 1001000101001011
0 -906 1 111100110110111011
0 -620 7 110101010100010
0 579 2 11110011110100101
0 777 2 11110011100001101
0 -970 2 11110011101110001
0 -805 2 11110100011000101
0 490 12 10010101000110
0 515 14 11010100111001
0 -680 2 11110100011110001
0 -573 6 100011001101101
0 -1006 1 111101001001101010
0 456 10 01001001110001
0 -536 7 110101101001111
0 557 5 010010010100111
0 503 12 10010101000111
0 -481 12 10010001111101
0 858 1 111101001001101011
0 -980 1 111100100011110000
0 -615 5 010010001110000
0 -458 11 01110110011100
0 636 7 110101011010001
0 -887 2 11110010001111001
0 675 2 11110011001100000
0 -527 9 00011011101001
0 905 1 111100100011110001
0 -815 3 1000111001110100
0 509 8 111101001100100
0 -741 4 1111001111001000
0 -546 4 1111001010101100
0 807 3 1000111001110101
0 -658 7 110101010100101
0 -901 2 11110100110010100
0 690 5 010010000010011
0 -500 11 01110110011001
0 563 5 010001111000101
0 -1170 1 111100110011000011
0 -553 8 111101000011101
0 681 5 010010011100001
0 -720 1 111101001100101010
0 -730 3 1001000001101011
0 -1079 1 111101001100101011
0 -535 9 00011000100101
0 445 19 0100000111000
0 419 16 11110100011111
0 -664 3 1001000101001001
0 525 13 10111110000101
0 787 1 111101001100110010
0 -998 1 111101001100110011
0 472 8 111101000110101
0 843 1 111100110111101011
0 -933 2 11110100011010001
0 502 7 110101100100110
0 855 1 111100111111101000
0 615 6 100100000110000
0 -654 5 010010011100101
0 -839 1 111100111111101001
0 581 3 1001000101100111
0 806 2 11110100100100000
0 -493 11 01110110011011
0 -838 1 111100111111101011
0 -868 1 111101001001000011
0 -827 1 111100111101011010
0 462 18 0001101110101
0 -689 4 1111001110100100
0 561 5 010010000100110
0 936 2 11110011101000000
0 -771 4 1111001010110010
0 -693 3 1001000110001100
0 519 5 010001111011110
0 984 1 111100111101011011
0 595 8 111100110001011
0 -816 2 11110011000101000
0 590 2 11110011000101001
0 603 7 110101001110110
0 -858 1 111100111010000011
0 -594 6 100100000111101
0 904 2 11110010101010101
0 -413 17 0000001011010
0 -684 3 1001000110001101
0 642 4 1111001110001110
0 -903 1 111100111101111010
0 -566 5 010010000111011
0 630 3 1001000111000110
0 -960 1 111100111101111011
0 705 2 11110100110001000
0 -744 2 11110100110001001
0 -667 3 1001000111000111
0 -753 2 11110100100111101
0 479 6 100100011011110
0 -712 4 1111001110110100
0 1231 1 111100110011100000
0 625 2 11110011001110001
0 792 2 11110100001011100
0 504 8 111101001001011
0 -790 3 1001000101100000
0 1272 1 111100110011100001
0 -545 5 010010000100010
0 -743 1 111101000010111011
0 -474 16 11110011100101
0 750 1 00000000011100001
0 938 1 00000000011100011
0 784 2 11110010001100111
0 549 6 100100011100010
0 910 1 111100100011001101
0 694 1 111101000110011111
0 -737 3 1001000111000000
0 546 5 010010011010001
0 -773 2 11110001100011001
0 -732 3 1001000010100100
0 769 2 11110011000100000
0 -783 4 1111001100110001
0 -870 1 111100110001000010
0 -661 4 1111001010101101
0 -593 4 1111010001111011
0 828 1 111100110001000011
0 -660 3 1001000110111000
0 520 7 110101011011001
0 -564 14 11010101110100
0 611 3 1001000001101000
0 -1000 1 111101000011100100
0 -671 3 1001000110000000
0 -542 7 110101010100011
0 665 4 1111010001101111
0 -613 3 1001000110000110
0 577 7 110101100100111
0 -608 4 1111001110110010
0 -496 8 111101001001001
0 651 3 1001000100100110
0 684 4 1111001111010111
0 -552 6 100100001100001
0 766 1 111101000011100101
0 -619 2 11110100110100101
0 779 2 11110100110110110
0 -813 1 111101001101101110
0 -584 4 1111001110011011
0 534 11 01110110100100
0 696 2 0100000111001010
0 -610 8 111101000010110
0 -590 5 010001111011111
0 -802 2 11110100110100100
0 -580 5 010010000010010
0 786 2 11110100011000010
0 -510 11 01110110100011
0 606 4 1111010010011011
0 -641 2 11110100011001110
0 -706 1 111101001101101111
0 -643 5 010010010100011
0 -650 3 1101010110111000
0 -551 4 1111001110011010
0 -832 1 111101001001111000
0 530 9 00011010110110
0 -787 2 11110011100011000
0 685 1 111101001001111001
0 517 9 00011000100000
0 -725 1 111100111101111001
0 691 3 1001000101100001
0 638 8 111100101010011
0 848 3 1001000101100110
0 574 10 01001001110100
0 671 2 11110100011010000
0 -761 1 111100011000011000
0 824 2 11110011011110100
0 748 1 111100011000011001
0 -678 4 1111001110111100
0 522 7 110101011010000
0 535 6 101100000000001
0 901 1 111100111111110000
0 -774 2 11110100100110100
0 571 2 11110100011110000
0 -804 1 111100111111110001
0 573 2 11110011101110000
0 -663 2 11110011100001100
0 650 4 1111010001100110
0 -721 2 11110011011011100
0 -595 7 110101001110111
0 -759 2 11110100001111110
0 809 2 11110100001111100
0 729 1 111101000110001001
0 853 2 11110100001000010
0 768 1 111101000010000000
0 728 1 111101000010000001
0 619 4 1111001100101111
0 -831 1 111100110011101101
0 679 2 11110011110100110
0 -503 7 110101101000101
0 700 2 11110011000100100
0 811 1 111100110010111001
0 -757 1 111101000111100100
0 678 1 111101000111100101
0 711 3 1000110011011000
0 627 4 1111001111111101
0 765 1 111100110110110100
0 554 4 1111001111001010
0 -836 1 111100110110110101
0 -746 1 111100110110100100
0 612 5 010010000110001
0 -606 5 010010011010000
0 -704 2 11110100011100000
0 600 5 010010001110001
0 846 1 111100110110100101
0 943 1 111101001101000000
0 666 1 111101001101000001
0 643 3 1001000100100010
0 -932 2 11110011000100010
0 -709 3 1001000001100100
0 626 3 1001000001101110
0 788 2 11110011100001010
0 -713 5 010010010100101
0 -809 1 111100101010000101
0 656 3 1001000010111010
0 -715 2 11110010101011100
0 -1075 1 111101001100101100
0 860 2 11110011100010110
0 -784 1 111101001100101101
0 -625 3 1001000110111001
0 614 5 010001111011101
0 722 3 1001000001101001
0 -657 3 1001000110000001
0 567 5 010001110011010
0 -621 5 010010011100000
0 663 2 11110011101111110
0 647 3 1000111001110010
0 1008 1 111100111100011100
0 732 2 11110011110001100
0 -600 3 1001000110000111
0 969 1 111100111100011101
0 -708 1 111100110111101100
0 727 1 111100110111101101
0 618 2 11110001100001000
0 -683 2 11110100011010010
0 -632 4 1111001110110001
0 662 1 111100111011000000
0 660 5 010010011100111
0 657 5 010010011100110
0 889 1 111100111011000001
0 935 1 111100110010101000
0 966 1 111100110010101001
0 797 2 11110011001010000
0 -794 2 11110011111000110
0 -902 1 111100110010100101
0 -727 4 1111001111100000
0 -647 5 010010000100111
0 -603 4 1111001110100001
0 799 2 11110010101100110
0 -921 1 111100101011000100
0 959 1 111100101011000101
0 790 2 11110011001011000
0 854 1 111101000111011000
0 -736 1 111101000111011001
0 852 1 111100100011010000
0 -638 3 1001010100110100
0 -866 1 111100100011010001
0 761 2 11110010101010010
0 609 4 1111001111011111
0 -722 1 111100111101110100
0 621 3 1001000001111000
0 673 1 111100111101110101
0 -1010 1 111101000010111101
0 -711 1 111100110110101100
0 -742 2 11110011011010100
0 -659 1 111100110110101101
0 -818 2 11110100001111000
0 895 2 11110100110001100
0 -943 1 111101000011110101
0 925 1 111101001001111100
0 -1053 1 111101001001111101
0 576 5 010010000000010
0 -793 1 111100111011011000
0 -885 1 111100111011011001
0 874 1 111100110011100100
0 687 1 111100110011100101
0 726 3 1000110011011100
0 -655 2 11110100100110010
0 -636 3 1001000010111110
0 -852 1 111101000011110100
0 730 3 1001000010111111
0 -857 1 111101000010111100
0 688 2 11110010101010110
0 -803 2 11110010001101010
0 -676 4 1111001100101101
0 -871 2 11110011111000100
0 -869 1 111100110010100100
0 -665 3 1001000100101110
0 652 2 11110001100001110
0 -754 3 1001010100000111
0 706 5 010001111010010
0 -570 3 1001000010111011
0 717 1 111100101010000100
0 774 3 1001000010100110
0 -797 2 11110100100111000
0 -670 2 11110100011001010
0 -649 2 11110011100001110
0 911 1 111100110010111000
0 914 1 111100110011101100
0 -622 3 1001000001101100
0 707 1 111101000110001000
0 -710 2 11110100110011000
0 508 6 100100010100010
0 734 1 111100111101111000
0 -694 3 1001000101001010
0 -792 2 11110100001110011
0 -860 2 11110100011000011
0 686 2 11110001100011000
0 -770 1 111101000110011110
0 -889 1 111100100011001100
0 658 1 00000000011100010
0 838 1 00000000011100000
0 -917 1 111101000010111010
0 -954 2 11110011100011001
0 782 2 11110010101010100
0 -1024 1 111100111010000010
0 -637 2 11110011110101100
0 783 1 111101001001000010
0 -1041 1 111100111111101010
0 -748 2 11110001100001101
0 -1011 1 111100110111101010
0 -607 3 1001000101001000
0 -645 3 1001000001101010
0 -904 1 111100110011000010
0 -772 2 11110011111111001
0 -703 2 11110011110100100
0 739 1 111100110110111010
0 -752 1 111101000010001010
0 -1017 1 111101000010001000
0 -893 1 111101000011111110
0 -672 3 1001000101100100
0 -778 2 11110100001000011
0 823 1 111101000010000010
0 -963 1 111100110011101110
0 -653 2 11110011001011101
0 -687 1 111100111101001110
0 -935 1 111100110001001100
0 -956 1 111100111000011110
0 837 1 111101000111100110
0 -782 1 111101001101110100
0 -1320 1 111100011000110100
0 710 2 11110011011010000
0 661 1 111101001101100010
0 747 2 11110100110100010
0 -897 1 111100101010000010
0 953 1 111100101010000000
0 -810 1 111100110001000110
0 771 1 111100110111100010
0 -949 1 111100111000010000
0 745 1 111101000110000010
0 -807 1 00000000011100100
0 847 1 111100101010111010
0 1009 1 111101001100101110
0 833 1 111100111000101110
0 -835 2 11110010101101110
0 942 1 111100111011101100
0 1134 1 111100111011101010
0 993 1 111100111011101000
0 1265 1 111101000011100010
0 822 1 111101001100110100
0 -700 1 111100111011111010
0 -840 1 111100100011000010
0 906 1 111100110111101110
0 -806 1 111100011000011110
0 961 1 111100011000010010
0 1076 1 111101000110100110
0 -882 2 11110011101100110
0 -795 1 111100111011000010
0 873 1 111101110101001010
0 670 1 111100110010101110
0 1195 1 111100111110001010
0 780 3 1001000100100101
0 1189 1 111101001101001110
0 1096 1 111100111010001110
0 -878 1 111100101011000010
0 736 1 111100110010110010
0 -931 1 111100110001010110
0 979 1 111100110001010100
0 862 1 111100101010101110
0 -788 2 11110011110111011
0 785 1 111100111101110010
0 731 1 111100111101110000
0 825 1 111100111000111110
0 775 1 111100111000111100
0 -1051 1 111100110110101110
0 776 1 111100110110101010
0 749 1 111101000011110110
0 740 1 111101000011110010
0 881 1 111101001100011010
0 -690 1 111101001100010110
0 940 1 111101001100010100
0 -837 1 111101001001111110
0 834 1 111101001001100110
0 880 1 111101001001100010
0 713 1 111101001001100000
0 -750 1 111100111011011010
0 -824 1 111100110011100110
0 659 1 110101011011100110

