0 -1 18099 011
0 0 381024 1
0 1 17952 010
0 2 2626 00011
0 -2 2534 00010
1 -1 7672 0010
1 1 7814 0011
1 -2 525 0000100
0 -3 429 0000010
1 2 414 0000000
2 -1 335 00001101
1 3 71 0000110000
0 3 573 0000101
3 -1 426 0000001
0 -4 125 000001101
0 -5 40 00001100100
2 1 364 00001111
1 -3 75 0000110001
1 -4 31 00000111000
1 4 13 000001100010
3 1 362 00001110
0 4 138 000001111
5 -1 14 000001100110
4 -1 45 00001100101
4 1 85 0000110011
5 1 9 0000011101100
0 6 15 000001100111
0 -6 26 00000110010
0 5 31 00000111001
0 -7 21 000001110111
3 2 4 00000111010010
0 8 6 0000011000010
3 -2 2 000001110100110
0 -8 6 0000011000011
0 7 13 000001100011
0 9 1 0000011101001110
0 10 1 0000011101001111
2 -2 4 00000111010111
1 6 2 000001110101101
4 2 1 0000011101010110
2 2 2 000001110110110
1 -5 4 00000111010100
1 -6 7 0000011101000
1 -7 9 000001100000
1 -8 4 00000111011010
0 -9 2 000001110101010
7 1 1 0000011101010111
1 7 3 000001110110111
1 5 2 000001110101100

