0 37 414 101100111
0 1 12815 1010
0 -1 12325 1001
0 -7 3404 101110
0 -3 7232 11100
0 0 14357 1101
0 -2 9396 0001
0 2 9851 0100
0 3 7214 11001
0 9 2791 011100
0 10 2524 010101
0 7 3524 110000
0 5 4838 00101
0 -9 2751 011001
0 -8 3040 100010
0 4 5823 01111
0 -4 5680 01101
0 -6 3876 111100
0 -5 4852 00110
0 6 4091 111110
0 -12 2106 1111111
0 24 851 10110111
0 38 345 011000010
0 29 626 01010010
0 20 1126 0000011
0 12 2117 000000
0 -23 908 11101001
0 -33 442 110001000
0 -45 189 1000010010
0 -21 1023 11111100
0 40 336 011000001
0 43 254 1111011110
0 -10 2473 001111
0 -13 1926 1110111
0 -15 1659 1011010
0 15 1607 1011000
0 22 973 11110100
0 -27 700 01110100
0 -39 296 001001011
0 -34 471 111011001
0 35 421 101101101
0 46 180 0111010100
0 25 854 10111101
0 14 1766 1011111
0 -20 1137 0010001
0 17 1378 0110001
0 18 1270 0101100
0 -16 1557 1000110
0 -24 851 10111100
0 57 91 01110101011
0 19 1204 0011101
0 -18 1321 0101110
0 -22 1003 11110110
0 -29 586 00100100
0 8 3013 100000
0 23 904 11101000
0 41 286 001000010
0 -17 1346 0101111
0 -32 487 111101010
0 11 2237 000011
0 -35 417 101101100
0 -14 1797 1100011
0 13 1870 1110101
0 31 526 111111011
0 -42 290 001000011
0 16 1490 0111011
0 -11 2206 000010
0 -31 516 111111010
0 -46 199 1000111011
0 -25 807 10110010
0 34 460 110001011
0 45 204 1011001100
0 26 751 10000101
0 -38 367 011101011
0 -36 388 100001111
0 44 227 1100010011
0 28 649 01011010
0 -19 1193 0011100
0 54 123 11110101100
0 -26 761 10000110
0 36 403 100011111
0 -40 316 010100110
0 33 442 110001010
0 30 588 00100110
0 21 1043 0000010
0 -28 625 01010001
0 -37 389 100011100
0 49 162 0101001111
0 32 480 111011010
0 27 670 01011011
0 39 282 001000001
0 -30 598 00100111
0 -43 239 1110110110
0 -41 252 1111011101
0 72 31 1110110111010
0 -109 2 10000100111000001
0 77 28 1100010010101
0 -105 3 1000010011100001
0 -53 146 0010010101
0 70 42 011000000011
0 -126 1 101100110101001100
0 -59 80 01010011100
0 -104 8 111011011100011
0 -49 154 0101000010
0 -58 82 01100000000
0 97 6 100001001110001
0 -80 15 11101101110000
0 -50 174 0110000111
0 42 248 1111010111
0 -62 51 100011110011
0 -66 48 100001001111
0 -61 69 00100000001
0 -44 229 1110110000
0 -48 190 1000011100
0 -68 37 001000000111
0 -65 57 111011000100
0 47 186 1000010001
0 61 77 01010000110
0 -56 100 10001111000
0 -64 59 111011000111
0 52 122 11101101111
0 -129 2 10110011010100111
0 -52 132 11110111111
0 -71 34 001000000001
0 48 195 1000011101
0 -169 1 101100110101001101
0 -70 45 011101010101
0 -170 1 111011011101110001
0 50 149 0101000000
0 -51 123 11110101101
0 -156 1 111011011101110011
0 58 86 01100001100
0 -140 1 111011011101110111
0 -57 94 10000100110
0 -54 92 10000100000
0 -63 58 111011000101
0 -119 2 11101101110111111
0 -121 2 11110111110001000
0 -47 201 1000111101
0 -120 5 010100111010000
0 53 126 11110111001
0 -124 1 111011011101111101
0 66 56 110001001011
0 -122 3 1000010011101001
0 69 42 011000000101
0 59 75 01010000010
0 -111 3 1000010011101100
0 -55 103 10110011011
0 55 93 10000100001
0 -81 26 1100010010011
0 -116 2 11110111110001011
0 -108 4 1111011111001010
0 51 145 0010010100
0 -75 25 1000111010110
0 67 42 011000000110
0 60 79 01010000111
0 99 4 1111011111001011
0 64 58 111011000110
0 115 1 111101111100010011
0 65 51 101100110100
0 -60 64 111101111101
0 63 52 110001001000
0 114 1 111101111100111001
0 96 8 00100000000010
0 -67 50 100011110010
0 71 48 100011101000
0 79 31 1111011100010
0 84 17 0010000001000
0 75 21 0110000000100
0 100 10 01010011101001
0 82 14 11000100101001
0 78 21 0110000001110
0 -72 26 1100010010010
0 -76 20 0101001110111
0 62 62 111101110000
0 -69 48 100011101001
0 -74 25 1000111010111
0 68 37 010100000110
0 -77 26 1011001101011
0 56 88 01100001101
0 -92 13 11000100101000
0 -98 10 01010011101101
0 -102 4 1111011111001111
0 -99 4 001000000000110
0 -94 9 00100000011010
0 89 18 0010000001100
0 -86 11 01100000011111
0 74 23 0111010101001
0 -95 3 1000010011101110
0 -103 5 011000000010100
0 -107 5 011000000010101
0 -78 25 1000111010101
0 -118 2 0010000000001110
0 -91 9 00100000010110
0 116 1 111101111100111011
0 -85 8 00100000000001
0 136 1 00100000000011111
0 -112 2 0010000000000010
0 -90 10 01010011101100
0 92 13 10110011010101
0 94 6 101100110101000
0 113 2 0010000000000011
0 76 25 1000111010100
0 90 9 00100000010111
0 95 10 01010011101010
0 87 15 11101101110110
0 83 8 111101111100110
0 102 2 11110111110010000
0 93 5 010100000111110
0 130 1 111101111100100010
0 73 30 1110110111001
0 80 10 01010011101011
0 -79 21 0110000001001
0 91 4 1111011111001001
0 88 11 01100000001011
0 85 9 00100000011011
0 103 3 1011001101010010
0 -82 18 0010000001010
0 117 2 0010000001001100
0 104 7 111011011100010
0 -113 4 001000000100100
0 81 21 0110000001000
0 -84 11 01100000011110
0 -93 11 01110101010000
0 -97 6 100001001110101
0 -87 19 0101000001110
0 132 2 0010000001001101
0 86 12 10000100111001
0 -89 16 11110111110000
0 -83 11 01110101010001
0 -100 8 111101111100011
0 -88 10 01010000011110
0 -73 32 1111011100011
0 98 5 010100000111111
0 110 4 001000000100101
0 106 3 1000010011101111
0 105 2 0010000000000000
0 -101 3 1000010011101101
0 101 5 010100111010001
0 -130 1 111101111100100011
0 -96 5 001000000100111
0 -106 4 1110110111011110
0 137 1 111011011101110100
0 142 1 111011011101110101
0 112 1 10000100111000000
0 107 3 1000010011101000
0 108 2 11110111110001010
0 -117 2 0010000000000001
0 -114 1 00100000000011110
0 -146 1 111101111100111010
0 126 1 111101111100111000
0 140 1 111101111100010010
0 120 1 111011011101111100
0 131 1 111011011101110110
0 133 1 111011011101110010
0 122 1 111011011101110000

