0 1021 1 1101111100110100100
0 1004 1 1101111100110100101
0 4 9738 00100
0 6 8921 111111
0 0 92485 10
0 -1 23157 0110
0 1 22689 0101
0 -2 12584 11000
0 7 7941 111010
0 -8 6811 110100
0 -10 5059 001110
0 2 12247 01111
0 -5 8878 111110
0 -3 9979 00101
0 5 8978 00000
0 -7 7585 111000
0 11 4293 1111011
0 -4 9504 00010
0 10 4893 000111
0 8 6941 110110
0 3 10000 00110
0 -6 8432 111100
0 9 5711 010011
0 -9 5508 010010
0 -13 2888 0111000
0 -11 4264 1111010
0 -15 2270 0000110
0 15 2236 0000101
0 -21 1264 00111100
0 -26 807 110010111
0 23 1069 111011111
0 -20 1350 01000101
0 13 2961 0111010
0 19 1500 01110111
0 38 409 1100110101
0 -36 438 1101110001
0 28 759 110010001
0 -32 558 000010011
0 -22 1135 00001110
0 -19 1457 01110010
0 16 2099 11101101
0 17 1868 11100100
0 44 325 0100001001
0 -38 396 1100101100
0 -42 325 0100001010
0 -17 1810 11011110
0 -14 2546 0011111
0 -18 1612 11001100
0 12 3509 1101011
0 20 1317 01000011
0 24 967 111001010
0 14 2597 0100000
0 -47 259 11100111111
0 -121 20 00011011110101
0 -29 733 011100111
0 -103 35 0000100101101
0 -33 510 1110011110
0 -23 1064 111011101
0 21 1265 00111101
0 71 126 111001011111
0 110 14 110111110000010
0 121 18 00001111111100
0 40 357 0100011111
0 51 236 11011111110
0 -55 190 11001001001
0 -27 754 110010000
0 29 681 010001101
0 33 506 1110011100
0 57 181 01110011010
0 42 339 0100011001
0 -16 2068 11101100
0 -28 787 110010101
0 26 853 110101011
0 25 896 110111010
0 27 751 011101101
0 18 1664 11010100
0 22 1066 111011110
0 41 374 0111011001
0 -31 592 000110010
0 -30 606 000110101
0 -12 3346 1100111
0 -64 132 111011100100
0 -117 17 00001000001000
0 -95 42 0100010011010
0 -40 349 0100011101
0 74 94 011101100011
0 101 34 0000100000101
0 107 23 01110011001101
0 37 391 1100101000
0 53 227 11011111010
0 -50 250 11100110100
0 39 390 1100100111
0 30 594 000110011
0 64 114 110111110111
0 46 277 0000100100
0 -51 215 11011100000
0 -35 479 1110010110
0 -25 898 110111011
0 -76 93 011101100001
0 -101 30 11011111111011
0 -46 289 0001100010
0 -75 92 011101100000
0 -43 307 0001101101
0 75 103 110011011010
0 115 18 00001111111101
0 103 37 0001101001000
0 34 550 000010001
0 50 221 11011100110
0 84 64 1110011111000
0 32 570 000011110
0 47 269 11101110011
0 -60 133 00001000000
0 -48 261 11101110001
0 -34 505 1110011011
0 -24 990 111001100
0 49 252 11100110101
0 -41 332 0100010010
0 -83 70 000010010111
0 -78 78 000110111001
0 -58 165 01000010111
0 -61 157 00011011101
0 83 71 000011111100
0 133 8 1110011101010111
0 36 426 1101010101
0 61 152 00011010011
0 -68 98 110010100101
0 -69 112 110111110010
0 56 193 11001001101
0 -39 399 1100101101
0 72 103 110011011011
0 -37 426 1101010100
0 -79 72 000110000100
0 -52 221 11011100111
0 -66 120 110111111111
0 -63 132 111011100101
0 -67 130 111011100001
0 35 439 1101110010
0 96 28 11011111000010
0 145 7 1101111100000110
0 118 23 01110011001111
0 -57 176 01000111100
0 102 36 0000111111111
0 127 15 110111111000011
0 -87 49 1100100110011
0 -84 71 000011111101
0 31 658 010001000
0 94 47 0111011000101
0 -134 17 00001000001001
0 98 40 0100001000000
0 63 153 00011011000
0 -71 109 110111000010
0 -59 163 01000010001
0 -73 96 110010010110
0 -62 144 00011000000
0 -45 271 0000100001
0 43 335 0100011000
0 105 30 11100101110010
0 160 4 11100111010101011
0 73 94 110010010001
0 117 19 00011010010010
0 -93 43 0100011100000
0 99 43 0100011100001
0 -153 10 000110100100111
0 55 167 01000100111
0 77 90 011100110010
0 -77 75 000110100101
0 -94 49 1100101001100
0 48 255 11100111011
0 143 9 000110000101000
0 45 298 0001101000
0 70 115 110111111001
0 100 29 11011111100010
0 52 203 11001101000
0 -82 78 000110111100
0 109 31 11100101111010
0 -171 6 0111001100111010
0 54 204 11001101100
0 81 74 000110001101
0 67 112 110111110001
0 -44 285 0000111110
0 -80 68 000010000011
0 108 24 11001001010001
0 106 23 11001001010000
0 78 97 110010100100
0 62 160 00011011111
0 -97 43 0100011100100
0 111 31 11100101111011
0 -172 8 1110011111001111
0 -106 27 11011111000000
0 132 16 111011100000000
0 -173 5 0001100001010011
0 -54 184 01110011011
0 68 111 110111000011
0 -70 103 110011011100
0 -89 52 1100110111100
0 58 148 00011000111
0 104 29 11011111100011
0 -161 7 1101111100000111
0 -96 44 0100011100111
0 -112 25 11001101001001
0 -154 5 0100010011000000
0 -98 36 0001100001011
0 -85 72 000110000110
0 112 28 11011111001111
0 91 51 1100110100111
0 95 29 11011111111000
0 -92 60 1110010111100
0 65 144 00011000001
0 -65 113 110111110110
0 80 73 000110001100
0 -56 154 00011011001
0 66 139 00001001010
0 59 126 111001110100
0 60 180 01110011000
0 -53 177 01000111101
0 86 51 1100110111010
0 92 49 1100101001101
0 85 52 1100110111110
0 69 122 111001011101
0 79 82 010000101101
0 -113 17 00001001011000
0 82 82 010000101100
0 -105 24 11001001100000
0 -72 96 110010010101
0 93 48 1100100110001
0 -100 36 0001100001111
0 -107 38 0001101110000
0 -116 33 11101110000011
0 87 60 1110010111000
0 -81 87 010001110001
0 76 81 010000100001
0 -49 234 11011111101
0 124 18 00011000010101
0 174 2 111001110101010011
0 -108 36 0000111111100
0 -125 14 110111110011000
0 -74 94 110010010000
0 168 7 1101111100110010
0 -102 29 11011111111001
0 88 48 1100100101110
0 123 17 00001001011001
0 129 9 000110000111000
0 -90 44 0100011100101
0 -120 21 01000100110110
0 134 7 1101111100110011
0 114 29 11011111111010
0 119 22 01000111001100
0 -150 9 000110000111001
0 -148 12 110010011001010
0 90 51 1100110100110
0 -115 25 11001010011101
0 -194 2 111001111100100110
0 -146 6 1100100110000101
0 137 12 110010011001011
0 150 8 1110011101011100
0 -158 9 000011111110100
0 -129 19 00011011110100
0 -182 5 0100010011000001
0 -114 28 11011111100000
0 163 9 000011111110110
0 -147 14 110111110011011
0 -131 15 111001011100111
0 -169 3 01110011001110111
0 -179 5 0100010011000110
0 125 14 110111110011100
0 148 7 1101111100111010
0 -133 10 000110111101101
0 -118 25 11001101001000
0 -159 6 1100100101111000
0 -86 55 1100110111111
0 130 13 110011011101100
0 122 12 110010010111101
0 -130 12 110010010111110
0 -127 16 111001111101010
0 -126 20 00011011110111
0 126 13 110011011101101
0 -109 32 11101110000001
0 113 21 01000100110010
0 -99 47 1100100101001
0 131 13 110011011101110
0 -110 31 11100111010100
0 139 7 1101111100111011
0 -104 39 0001101110001
0 -111 24 11001001100100
0 116 14 110111111000010
0 -128 16 111011100000101
0 89 50 1100101001111
0 -136 13 110011011101111
0 -91 52 1100110111101
0 -141 11 010001110011010
0 -139 18 00011000011101
0 -145 10 010000100000110
0 -119 21 01000100110011
0 -135 11 010001110011011
0 -122 11 011100110011100
0 -88 51 1100110100101
0 97 47 0111011000100
0 169 2 111001111100100111
0 138 8 1110011111011000
0 -151 8 1110011111011001
0 -183 4 11101110000010011
0 120 22 01000100110111
0 -201 1 1101111100110100111
0 -213 2 111001111100101100
0 -225 2 111001111100101101
0 -144 4 11100111110010111
0 -228 2 111001111101011110
0 -222 1 1110011101011101111
0 -190 1 1110011111010111111
0 -152 9 000110100100110
0 -142 13 110010100111001
0 151 6 1100100101111110
0 -123 8 1110011101011011
0 158 5 0100001000001011
0 -192 3 11001001011110011
0 144 5 0001101111011000
0 -137 15 111001011100110
0 167 2 111001111101101100
0 -174 4 11100111110110111
0 -199 4 11100111110100011
0 135 8 1110011101011111
0 128 14 110111110000111
0 -157 6 1100100110000110
0 -149 10 010000100000100
0 -143 6 1100100110000111
0 -138 8 1110011111011010
0 -124 22 01110011001100
0 324 1 1110011111010011111
0 237 1 1110011111011011011
0 281 1 1110011111010010001
0 -259 1 1110011111010010011
0 380 1 1110011111010010111
0 -281 1 1110011111001010101
0 350 1 1110011111011100100
0 -355 1 1110011111011100101
0 136 10 010001001100010
0 140 8 1110011101011000
0 340 2 111011100000100011
0 -239 1 1110011111011100111
0 -233 1 1110011111011110111
0 -242 1 1110011111001110100
0 364 1 1110011111001110101
0 -368 1 1110011111001110111
0 -176 5 0100001000001111
0 408 1 1110011101010110111
0 -390 1 1110011101011110011
0 356 1 1110011101011110101
0 -388 1 1110011101011110111
0 355 1 1110111000000010101
0 -386 1 1110111000000010111
0 -217 1 1110011111010000111
0 201 1 1110011101011001001
0 288 2 111001110101100110
0 -258 1 1110011101011001110
0 -187 2 111001111101111101
0 159 6 1100100101111111
0 282 1 1110011101011001111
0 -369 1 1110011111011111110
0 162 4 0001100001010010
0 142 9 000011111110101
0 -162 3 11001010011100000
0 164 5 0100010011000011
0 -160 8 1110011111011101
0 -305 1 1110011111011111111
0 -185 2 111001111100110001
0 -181 3 11001010011100001
0 -155 8 1110011111001000
0 252 1 1110011111010000010
0 -132 7 1101111100001100
0 157 4 11100111110111100
0 219 1 1110011111010000011
0 259 1 1110111000001000010
0 153 5 0001101111011001
0 -140 7 1101111100110101
0 141 2 111001111101110001
0 146 8 1110011111001101
0 156 5 0100001000001010
0 -163 4 11100111110100110
0 176 2 111001111101000101
0 166 3 11011111001101000
0 191 1 1110111000001000011
0 205 2 111011100000100101
0 236 1 1110111000000011000
0 212 2 111011100000001101
0 196 1 1110111000000011001
0 230 1 1110011101010101010
0 181 4 11101110000000100
0 -208 1 1110011101010101011
0 187 2 111001111101011001
0 -286 1 1110011101010100011
0 214 1 1110011101011010101
0 204 1 1110011101011010111
0 -209 1 1110111000000011111
0 314 1 1110111000000011101
0 -283 2 111001111101011000
0 284 1 1110011101010100000
0 -293 1 1110011101010100001
0 280 1 1110011111001001000
0 -235 1 1110011111001001001
0 -196 4 11100111110101110
0 285 1 1110011111010001000
0 161 2 111001111101110000
0 -307 1 1110011111010001001
0 -287 1 1110111000001000001
0 195 1 1110011111010000000
0 249 1 1110011111010000001
0 -221 1 1110011111001100001
0 272 1 1110011111010110101
0 -224 1 1110011111011111101
0 261 1 1110011111011111001
0 155 4 11100111110011001
0 -165 2 111001111101000010
0 -170 5 0100010011000010
0 147 3 11001010011100010
0 186 2 111001110101111000
0 -178 2 111001110101011010
0 172 7 1101111100001101
0 -164 2 111001111100111000
0 188 2 111001111101111010
0 -189 2 111011100000100010
0 154 5 0100001000001110
0 -186 4 11100111110010100
0 -168 2 111001111101001010
0 -156 9 000011111110111
0 -167 4 11100111010110100
0 227 1 1110011111010011100
0 165 5 0100010011000111
0 -188 1 1110011111010011101
0 177 1 1110011101011101100
0 149 3 01110011001110110
0 225 2 111001110101010010
0 209 1 1110011101011101101
0 173 3 11001001011110010
0 193 3 11001010011100011
0 170 1 1110011111011111000
0 223 1 1110011111011111100
0 -191 1 1110011111010110100
0 -184 1 1110011111001100000
0 152 2 111001110101011000
0 222 1 1110111000001000000
0 171 4 11100111010111010
0 -211 2 111001110101010100
0 -203 3 11001001100001000
0 183 1 1110111000000011100
0 185 1 1110111000000011110
0 -198 1 1110011101011010110
0 -231 1 1110011101011010100
0 178 1 1110011101010100010
0 -180 2 111001111100100101
0 175 2 111011100000100100
0 211 2 111001110101011001
0 207 2 111001111101011011
0 180 3 11001001100001001
0 -177 2 111001110101100101
0 -223 1 1110011101011001000
0 -205 1 1110011111010000110
0 215 1 1110111000000010110
0 -232 1 1110111000000010100
0 182 1 1110011101011110110
0 -200 1 1110011101011110100
0 194 1 1110011101011110010
0 -166 1 1110011101010110110
0 -195 1 1110011111001110110
0 198 2 111001111100111001
0 -215 1 1110011111011110110
0 210 1 1110011111011100110
0 -246 2 111001111100101011
0 199 1 1110011111001010100
0 -219 1 1110011111010010110
0 -240 1 1110011111010010010
0 184 1 1110011111010010000
0 -202 1 1110011111011011010
0 278 1 1110011111010011110
0 -252 1 1110011111010111110
0 -271 1 1110011101011101110
0 306 1 1101111100110100110

