0 -8 39543 1001000
0 4 120972 00110
0 -1 402370 1101
0 3 137072 01101
0 -7 28964 11111111
0 -3 139497 01110
0 -4 124793 01000
1 -3 31628 0100100
1 1 231331 0001
4 3 3033 10101110111
1 -1 229310 0000
4 1 70161 011110
2 -1 134611 01010
11 -1 10565 100101110
5 1 53122 1111100
0 1 405657 1110
8 1 25110 11110001
0 0 190512 10110
1 -2 49052 1100011
0 -5 62224 001110
2 1 136359 01100
5 -1 52830 1111011
11 1 10628 100111000
6 -1 42679 1001101
7 -1 31981 0100101
0 5 60190 001011
2 3 11486 101011000
6 1 42085 1001100
3 -1 97473 110000
12 -1 7738 001111010
1 2 46150 1010101
0 22 7189 1111111000
0 2 185761 10100
0 -6 70823 011111
0 -2 193775 10111
1 3 29836 0010101
10 -1 14209 111111001
3 1 98375 110010
0 -9 29815 0010100
0 6 71212 100001
3 3 5554 1001111100
2 -3 12279 110011000
22 -1 508 0101100010001
20 1 826 1111010101000
2 -4 8682 100000010
4 -1 69688 010111
4 4 2012 01001100110
7 1 32130 0100111
0 9 29619 0010011
0 7 28964 0010000
2 2 19848 10010010
2 -2 20510 10010101
9 1 19230 10001101
10 1 14013 111110111
4 -3 3184 11110100000
2 4 7798 001111100
2 6 2519 10010100100
1 4 23660 10101101
3 -4 4087 0101100011
15 -1 3074 10101111111
5 4 1179 100010000110
9 -1 19625 10001111
1 -8 3908 0011111011
12 1 8025 010110000
0 8 38165 1000101
1 7 2836 10101000111
8 -1 24991 11110000
1 -7 2918 10101100111
1 -4 25482 11110011
1 6 9202 100000111
14 -1 4141 0101101010
3 -2 10088 100101000
0 -40 2395 10001100010
3 2 9350 100010001
0 -15 13391 111110100
1 -5 11402 101010010
9 2 1119 100000101011
0 -21 7329 001001000
0 12 24661 11001101
2 5 3882 0011110110
13 -1 5457 1001111000
0 16 12280 110011001
0 17 7971 010011000
13 1 5285 1001011111
0 11 16021 01001101
21 -1 788 1111001000001
0 19 7302 001000101
1 8 3609 11111110100
7 -4 272 10000000011111
20 -1 814 1111010010011
8 -2 1450 101011001011
0 -10 24546 11000101
6 -2 2427 10001110111
1 5 10929 100111011
3 -3 6013 1010111010
18 1 1436 101010011111
0 -11 16212 01011001
7 -3 234 00100101100100
0 -12 24753 11001110
0 13 12678 111100101
0 -19 7074 1111110001
0 10 24482 11000100
0 -17 7907 001111110
5 -3 1342 100111001110
0 18 11193 100111111
0 -14 14624 00100011
1 -6 9598 100011001
18 -1 1438 101011001000
4 -2 6527 1111010011
16 -1 2402 10001110010
4 2 6257 1100111111
0 -18 11236 101010000
0 -13 12387 110011110
0 14 14297 111111011
0 15 13366 111101011
0 -16 12211 101011110
15 1 3059 10101111101
5 -2 2821 10101000100
0 -36 3163 11110010010
0 -44 2141 01011011111
0 -28 4966 1001001101
14 1 4276 1000000000
4 -4 2257 10000010111
5 2 2803 10011111010
0 -27 4800 1000111000
14 -2 281 10000010110001
7 2 1812 00100010000
12 -2 558 1000001010100
0 35 3236 11110100011
0 20 8888 100000100
17 -1 1934 00111100110
0 -101 407 11110101000000
0 33 3501 11111100000
0 -89 470 0010010110100
0 42 2603 10010110011
0 -60 1222 100100110000
0 40 2640 10011100100
0 30 4764 1000100111
0 -23 5546 1001111011
16 1 2460 10010011001
1 -12 1574 111100100010
8 2 1478 101011100011
0 -33 3558 11111101001
11 -2 638 1001010011011
0 45 1994 00111111111
0 75 805 1111010001000
22 -2 35 10000010110000001
0 96 456 0010001001000
0 109 324 10010110010100
1 15 629 1001001111110
0 -65 1027 010110001011
0 -135 215 111110101011011
0 27 4781 1000110000
0 -81 705 1001111101111
0 -45 1897 00100101111
0 -24 6947 1111101101
0 24 6783 1111101011
23 1 354 10101000110100
0 32 3888 0011110111
0 29 4208 0101101101
0 36 3183 11110010011
13 2 433 11111011001001
0 -42 2413 10001110011
6 2 2363 10001001000
0 47 1943 00111100111
0 87 601 1000110001110
0 108 355 10101000110101
2 -6 2615 10010110100
0 -139 187 101011100100111
5 3 1279 100101001111
0 -83 599 1000110001101
17 1 1850 00100101010
0 -53 1466 101011100000
23 -1 369 10101110001001
22 1 487 0011111010010
21 1 725 1010110011000
9 -2 1193 100010010111
7 -2 1821 00100010001
6 -4 681 1001111001010
19 1 1163 100010000011
27 -1 107 1111101010110101
0 74 919 001001001100
0 82 719 1010110010010
0 38 3285 11110101001
14 2 279 10000010100111
10 2 949 001111000100
0 -31 3459 11111011000
0 -54 1536 101011111101
0 -32 3629 11111110101
13 -2 408 11110101000010
0 53 1628 111101001011
0 57 1460 101011001101
0 23 5721 1010100110
3 6 1043 010110101101
12 2 522 0101101011100
0 -51 1545 110011111000
0 -58 1361 100111100100
0 -174 87 1001111010001101
0 -116 338 10011100111110
0 -120 264 01011011100011
0 -71 873 1111110000101
0 -22 7207 1111111001
1 -16 481 0011110010001
0 -64 1181 100010010100
2 -5 4104 0101101000
19 -1 1045 010110101111
0 21 7282 1111111011
0 65 1147 100000110000
0 78 702 1001111010110
0 46 2175 10000001100
0 56 1514 101011100111
0 -38 3134 11001111101
0 -48 2072 01011010011
0 -43 2096 01011011000
0 -34 3372 11111010100
0 -30 4759 1000100110
12 4 8 0011111111001100110
26 1 153 100011101101111
1 -17 222 111111010001011
30 -1 45 10101001111001001
0 28 5138 1001011000
3 4 3799 0011110000
0 -26 5280 1001011110
0 -94 500 0100110010010
0 -68 955 001111000110
0 -107 356 10101000110110
0 -63 1083 100000000110
0 -29 3962 0011111110
0 25 4966 1001001110
0 69 919 001001001101
0 73 847 1111101010101
0 -56 1383 100111101010
0 -20 8677 100000001
0 31 3694 0010010100
0 44 2366 10001001001
0 -39 2702 10011101010
0 -76 740 1010111001000
24 1 258 01011010010010
0 26 5395 1001110100
4 5 1338 100111001101
0 66 1031 010110100101
0 99 475 0010010111011
0 -47 1927 00111100101
6 3 556 1000001010010
0 -50 1738 111110110011
1 10 1573 111100100001
28 1 101 1111010001001011
0 -66 963 001111001001
0 70 874 1111110100000
0 71 882 1111110100001
33 1 31 00111110101001101
0 58 1429 101010011101
0 85 665 1001110010101
0 -41 2127 01011011101
0 -78 714 1010100111001
10 -2 921 001001001110
0 61 1241 100100111100
0 90 578 1000100000000
0 125 270 10000000010010
0 94 471 0010010110111
17 2 91 1010110011001001
3 -5 2128 01011011110
0 -25 4818 1000111010
7 3 236 00100101101101
2 8 807 1111010001010
0 -84 589 1000100001110
11 2 665 1001110010110
0 67 995 001111111101
0 114 284 10000010110110
0 -133 199 111100100011111
0 -82 655 1001011011100
0 -55 1360 100111010111
0 -70 894 1111110101011
0 48 2192 10000001101
0 123 244 00111110101000
28 -1 68 1000000001001101
0 -132 206 111101010100100
0 -93 487 0011111010011
10 3 58 0010010101110010
26 -1 150 100011000110001
11 3 30 00111100011100100
0 37 2756 10011110011
0 -52 1667 111101010101
0 50 1805 111111010111
0 -59 1191 100010010101
0 -88 559 1000001010101
0 -95 446 11111101010011
0 -74 834 1111010101100
5 -4 1266 100101001100
0 -57 1445 101011001010
0 -138 199 111101000011000
0 -126 265 01011011100101
0 -119 260 01011010110001
0 -103 390 11001111100111
0 -49 1687 111101010111
0 51 1624 111101001010
0 43 2211 10000001111
8 -5 146 100010000100010
0 -37 2621 10010110101
0 -35 3026 10101110110
24 -1 270 10000000010100
6 -3 508 0101100010010
0 -117 327 10010110010111
1 -10 1616 111101001000
0 -79 718 1010100111101
34 -1 24 101011111000001001
8 -3 152 100011101101000
0 39 2828 10101000101
0 62 1175 100010000101
38 1 3 100000110011111010011
1 -11 739 1010111000101
0 64 1278 100101001110
0 -69 817 1111010100010
18 2 59 0010010101111111
6 4 549 1000000111001
0 54 1593 111101000010
0 -46 2002 01001100101
0 41 2301 10000011010
1 9 2530 10010100101
0 -72 868 1111101100101
0 72 883 1111110100011
0 52 1756 111111000011
0 -77 735 1010111000010
0 -61 1150 100000110010
3 5 2109 01011011001
0 34 3655 0010010010
10 -3 59 0010010111000000
1 -9 2626 10010110110
1 37 35 10000010110000010
25 -1 196 111100100000001
8 -4 122 001111101010010
8 4 106 1111101010100011
0 63 1152 100000110110
0 88 579 1000100000100
0 117 294 10001000010011
0 -110 379 10101111100010
0 -67 953 001111000101
0 68 1013 010011001111
0 -112 304 10001110110101
0 -114 286 10000011000110
5 -5 922 001001010110
0 60 1315 100101101111
0 84 601 1000111011000
3 8 363 10101100100111
20 2 39 10010011000110011
30 1 46 10101100110011000
0 -91 617 1001001100010
0 -123 257 01011010010001
4 -5 1408 100111110110
0 -166 116 001001010111010
0 -180 85 1001110011111110
0 -206 63 0011111111001111
2 -26 4 00111111110011001110
0 -212 52 11110101010011101
0 -221 38 10001110110010111
0 -207 43 10011100111111111
0 -194 65 0101101011000010
0 -177 94 1010111001100001
0 -176 96 1010111111001001
0 -100 463 0010010011111
0 -181 78 1001001100011101
0 -106 356 10101000110111
0 49 1829 00100010011
0 -62 1153 100000110111
14 -3 19 100011101101001000
7 4 234 00100101100101
0 -92 574 1000001100110
15 3 7 11111101000101010100
25 1 204 111101010000110
0 77 746 1010111001011
0 89 565 1000001011010
0 100 473 0010010111001
0 104 396 11110010001110
10 -4 42 10011100101001111
2 7 755 1010111001101
0 -90 578 1000100000011
0 -85 627 1001001111101
0 79 744 1010111001010
0 112 358 10101001111000
0 -108 360 10101100100110
0 81 706 1010100011001
27 1 100 1111010000110100
0 -87 525 0101101110000
0 -102 384 10101111110011
1 -117 1 10101111110010000000110
0 -113 331 10011100101000
2 -12 254 01011000100001
0 -96 494 0011111010111
0 -111 339 10011110010110
0 -163 113 1111110101100111
4 -6 456 0010001001010
0 -171 99 1111001000111100
0 -157 143 100000101101111
0 -125 271 10000000011110
8 3 134 100000000100000
10 -5 39 10010011110100100
0 -97 474 0010010111010
1 -35 38 10001110110100101
21 -2 50 11110100001101010
29 1 57 11111101011011110
2 -8 889 1111110101000
20 -2 47 10101110011000001
1 19 176 100111110111001
0 103 432 11111011001000
0 131 196 111100100000010
1 14 551 1000000111011
0 158 102 1111010100001110
9 -3 83 1001011011101111
0 161 125 010011001001101
0 -255 29 00100101011100001
1 -14 573 1000001100010
0 91 550 1000000111010
0 -334 12 1010111111001000010
4 -10 57 11111101011011111
1 11 737 1010111000011
6 5 556 1000001010001
0 -73 802 1111010000111
0 102 378 10101111100001
2 -13 58 0010010101110011
0 -124 267 01011011100110
9 -4 79 1001001111100011
1 -77 6 10101111110010000001
3 -10 96 1100111110010001
16 2 117 001001011001100
1 -21 178 101010011100001
1 -15 578 1000100000001
1 12 1527 101011111001
2 -9 466 0010010110001
0 -75 765 1010111111000
9 4 62 0011111111000101
0 -80 680 1001110101101
0 128 228 00100010010111
0 -192 75 1000110001100001
2 -16 49 11110010000000001
0 -162 123 001111111100000
1 -23 114 001001001111000
1 27 87 1001111010001110
0 -127 250 01001100100111
15 -2 157 100100111111100
1 -25 117 001001011001101
0 83 598 1000100101101
0 120 248 00111111110010
0 -128 224 111111010110001
1 23 117 001001011001110
1 -19 182 101011001100101
0 -121 238 00111100011101
0 -104 395 11110010001100
0 -98 427 11111010101100
16 -2 117 001001011001111
1 -30 83 1001110010100110
29 -1 59 0010010111000001
1 36 46 10101100110011001
1 -31 59 0010010111000011
0 -252 31 00111111110011000
19 2 50 11110100001101011
3 -6 1002 010011001110
0 -86 601 1000110001111
0 105 396 11110010001101
0 165 92 1010111000100000
0 55 1380 100111101001
1 40 43 10011110100001000
1 13 491 0011111010110
1 18 369 10101110010010
39 -1 4 00111111110011001111
0 80 680 1001110101100
2 -11 94 1010111001100100
4 6 450 11111101011010
0 -240 37 10001000000101011
0 115 262 01011010111011
10 4 28 111111010110010000
31 -2 3 101011111100100001100
21 2 54 11111010101101001
1 38 54 11111010101111110
0 147 159 100101001101010
0 135 211 111110101010010
0 -118 281 10000010110010
15 2 152 100011101101101
1 -51 16 010110001010000011
9 3 96 1100111110010111
17 -2 82 1001011001010111
12 3 17 100000000100010110
1 26 102 1111010100001111
0 -140 177 101010001100011
0 -193 77 1001001100011100
0 146 164 100101101110101
23 -2 19 100011101101001001
4 7 146 100010000100100
0 -115 316 10010011111111
22 2 43 10011110100001001
0 59 1335 100111001100
18 -2 66 0101101110001001
3 7 299 10001100011001
0 92 543 1000000001110
0 143 188 101011100110011
0 129 222 111111010101010
0 -105 342 10011110010111
1 -29 69 1000001010000001
0 97 470 0010010110101
0 98 466 0010010110000
4 8 134 100000000100001
2 -10 277 10000010100001
5 6 235 00100101101100
0 76 837 1111010101101
1 41 17 100000000100010111
0 192 59 0010010111000101
0 118 256 01011010010000
0 111 312 10010011110101
1 17 199 111101000011001
0 121 244 00111110101010
13 3 29 00100101011110000
0 95 497 0100110010000
0 101 440 11111100001001
2 10 291 10001000010000
0 -188 65 0101101011000011
0 187 65 0101101011101000
0 185 63 0101100010000000
0 190 70 1000001011000011
19 -2 40 10010100110101101
0 107 352 10011110101111
0 119 243 00111110100001
0 194 58 0010010101111001
1 30 79 1001001111111011
2 -7 807 1111010010010
1 31 47 10101110011001010
1 22 161 100101100101010
0 86 542 1000000001011
32 1 34 10000001110000110
24 2 15 001111000111001010
0 -129 220 111111010001001
7 -6 86 1001111010000101
0 93 498 0100110010001
33 -1 15 001111000111001011
1 39 32 01011000101000011
7 5 295 10001000011111
1 94 4 01011000100000110111
1 -54 9 1000001100111110101
0 170 82 1001011011101110
9 -5 86 1001111010001000
2 9 446 11111101010100
1 16 456 0010001001001
4 -8 167 100111001011111
11 4 9 1000100000010010000
0 137 202 111101000100111
0 178 93 1010111001001100
1 44 26 111110101010000000
1 47 17 100000011100001110
7 -5 288 10000011001110
0 -335 12 1010111110001100100
0 -134 215 111110101011101
0 113 324 10010110010110
0 -272 28 111111010110010001
9 5 74 1000100101100001
44 -1 1 10101111110010000000111
31 1 27 111110101011111110
5 5 807 1111010001011
0 183 78 1001001111011000
1 -58 8 0101100010100001010
31 -1 36 10001000000100101
0 106 350 10011110101110
3 10 118 001001011100011
0 110 314 10010011111001
0 -229 45 10101100110010000
0 -141 196 111100100000011
0 -150 166 100111001011110
0 -146 165 100111001010010
11 -4 18 100010000001001001
0 184 78 1001001111011001
0 142 193 110011111001100
1 -13 486 0011111010001
3 -12 78 1001001111011010
0 149 136 100000011100011
0 173 84 1001110011110111
0 169 94 1010111110000001
6 -5 579 1000100000101
0 -148 155 100100110001111
0 -147 155 100100111101000
0 138 163 100101101110100
0 144 148 100010010110001
0 186 78 1001001111011011
23 2 14 1111110100010101011
1 51 7 11111101000101010101
1 55 14 1111110101100100100
13 -3 30 00111100011110101
1 20 228 00100010010110
0 -122 261 01011010110011
10 5 28 111111010110010011
2 11 70 1000001011001100
0 175 84 1001110011111100
0 127 245 00111110101011
32 -1 29 00100101011110001
0 -130 220 111111010001000
0 122 225 111111010110110
0 124 278 10000010100110
1 -44 17 100000011100001111
1 -28 93 1010111001001101
0 -136 207 111101010100110
0 -99 444 11111101010010
1 -18 412 11110101000111
0 148 146 100010000100101
0 168 116 001001010111101
0 155 110 1111110100010100
1 48 21 100111001111110100
1 -27 100 1111010000110111
1 21 172 100111101000011
0 116 332 10011100101110
0 154 104 1111101010100001
1 67 6 10101111110010000111
35 -1 14 1111110101100100101
0 130 205 111101010001100
0 164 103 1111010100011011
28 2 4 01011000101000000011
0 159 120 001111001000001
1 32 43 10011110100010010
15 -3 4 01011000101000010110
21 -3 3 101011111100100001101
3 -7 358 10101001110001
11 5 18 100010000001001101
44 1 2 010110001010000000101
1 24 159 100101001101000
5 -6 230 00100100111101
0 176 88 1010100011000101
0 145 146 100010000100011
35 1 16 010110001001111000
1 -20 264 01011011100100
0 150 147 100010000111100
10 -6 16 010110001001111001
0 166 102 1111010100000111
0 136 180 101010011110011
1 29 67 0101101110011111
36 -1 9 1000100000010010001
0 140 168 100111001111000
0 162 120 001111000111111
0 141 171 100111101000000
0 134 212 111110101010011
12 -3 24 110011111001001011
1 -33 50 11110100010010100
0 126 260 01011010110010
0 -173 107 1111101010111000
0 132 184 101011001100111
1 -39 39 10010011111000010
0 167 102 1111010100011010
1 -22 172 100111101000001
0 -109 323 10010110010011
16 -3 7 11111101010101110001
0 -158 125 010011001001100
1 45 30 00111100011110110
0 -142 173 100111101000101
1 -45 20 100101100100001001
0 -145 150 100011101100100
0 153 120 001111000111110
0 -167 118 001111000111000
0 -131 241 00111110100000
1 -70 8 0101100010100110011
1 -37 20 100101100100010100
0 -156 135 100000000101011
14 3 20 100101100100010101
37 -1 10 1001011001000101110
0 -137 202 111101000100110
1 -43 21 100111001111110101
1 -24 178 101010011100000
43 1 1 0101100010100000001001
0 157 120 001111000111100
2 14 64 0101100010100101
12 -4 4 01011000100111111001
1 -49 14 1111110101010111011
0 151 156 100100111101111
1 -34 50 11110100010010101
0 172 78 1001001111100010
0 -149 135 100000000100111
36 1 8 0101100010011111101
0 139 176 101010001100001
0 -144 159 100101001101001
0 -198 62 0011111111001110
43 -1 2 010110001010011001011
3 -13 19 100011101101110010
0 -183 72 1000001100011100
0 -153 156 100100111101110
0 171 84 1001110011110011
0 197 65 0101101011101001
26 -2 4 01011000100110000001
4 9 52 11110101010011110
34 1 13 1111010101001111100
0 -151 151 100011101100111
0 -159 138 100000101000001
0 208 51 11110101000001010
0 203 56 11111101011000000
0 -203 60 0011110010000000
11 -5 24 110011111001010011
0 -168 133 010110111001110
1 -57 21 100111001111110110
0 181 56 11111101011000001
0 133 194 110011111001101
0 160 116 001001010111011
0 201 54 11111010101111011
0 -164 124 001111111100011
19 -3 1 0101100010100110010101
2 13 43 10011110100010011
0 -155 151 100011101100110
0 177 81 1001011001010110
3 -8 321 10010110010010
2 15 58 0010010101111100
16 4 1 0101100010011000000011
37 1 7 11111101010101110011
2 12 259 01011010010011
0 -154 149 100010010110010
0 195 88 1001111101110101
0 -165 108 1111110000100010
0 180 64 0101100010011100
24 -2 10 1001011001000101111
41 1 4 01011000100110001110
1 -38 37 10001000011110110
1 -53 13 1111010101001111101
12 5 15 001111000111101110
1 -40 32 01011000100111010
24 3 1 0101100010011000001101
0 -152 145 100010000001011
0 -182 67 1000000001001100
11 -3 27 111110101011111111
13 -4 3 110011111001001010010
14 -4 4 01011000100110011010
22 -3 2 010110001001100011111
41 -1 4 01011000100110011110
13 4 1 0101100010011000001111
1 -42 33 01011011100010100
1 -26 88 1001111101110111
15 4 2 010110001001100111111
8 5 165 100101101110110
40 -1 4 01011000101000110011
21 3 3 110011111001001010011
27 2 3 101011111000111111000
25 2 3 101011111000111111001
13 -5 4 01011000101000110111
13 5 4 01011000101010000010
1 -68 5 10010110010001101000
17 3 2 010110001010001100011
0 -231 35 10000010110011101
0 -346 5 10010110010001101001
0 -274 22 100111110111000100
0 -374 3 101011111000111111011
0 255 19 100011101101110011
0 -281 23 101011100010001101
0 -170 108 1111101010111100
0 -372 6 10101111110010111010
0 -403 4 01011000101010000111
6 -8 30 00111100100001101
0 -319 5 10010110010001101010
0 -330 8 0101100010101001011
0 -172 88 1001111101110000
0 -269 25 111101000011011010
0 -309 10 1001011001000100010
0 -314 16 010110001010101010
0 -213 54 11111100001000000
1 -130 1 0101100010011001101111
2 -14 54 11111100001000001
1 -89 6 10101111110010111100
1 -85 7 11111101010101100000
48 -1 2 010110001010100101010
0 -219 47 10101111100000101
0 152 149 100010010110011
7 -8 16 010110001010101011
0 -244 27 111111000010000100
0 243 23 101011100010001000
0 -161 112 1111110101100110
0 -215 43 10011110100011001
0 -160 135 100000000101010
0 -196 60 0011110010000111
0 -234 51 11110101000001011
0 -238 33 01011011100010101
18 -3 3 101011111100101110111
0 -279 15 001111001000010000
0 -268 25 111101000011011011
5 -9 30 00111100100001001
1 42 30 00111100100001010
0 -195 68 1000000111000100
0 -271 19 100011101101100111
0 -258 17 100000011100001000
0 -239 36 10000011001111011
0 -200 56 11111101010101101
4 -7 188 101011100110001
0 -197 67 0101101110011110
0 -224 29 00100101011111010
0 -248 27 111111000010000101
0 -253 37 10001100011000000
0 -230 39 10010011110100111
0 -225 36 10001000000101000
0 -191 68 1000001010000000
3 -9 154 100100110001101
1 -110 2 010110001010100101011
1 -113 2 010110001010101001111
2 -19 10 1001011001000100011
6 -10 17 100000011100001001
3 11 21 100111001111110111
0 -261 23 101011100010001001
0 -223 42 10011100111101101
1 89 1 0101100010101000001111
1 70 3 101011111100101111110
1 82 6 10101111110010101010
1 95 2 010110001010111010111
5 10 36 10001000000101001
0 -266 24 101011111100101011
0 -237 27 111110101011111011
29 -2 3 101011111100101111111
9 6 19 100011101101001101
1 54 24 101011111000111010
1 52 19 100011101101001111
1 35 37 10001100011000001
0 -236 36 10000011000111101
0 -294 12 1010111110001110110
0 209 41 10011100101001110
22 3 1 0101100010101110100111
0 -199 54 11111010101111010
0 -318 16 010110001001101011
0 156 124 001111111100001
0 -242 32 01011000101001000
0 -216 52 11111010101000100
0 189 56 11111101000101011
0 -293 10 1001010011010111010
0 230 26 111110101011010001
4 12 27 111110101011100100
1 28 76 1001001100011000
2 -21 21 100111001111010110
0 -298 16 010110001010111100
0 -292 18 100000110001111001
0 253 20 100101100100000010
0 -317 11 1010100011000001111
6 -6 142 100000101101110
0 -202 72 1000001100111111
0 174 87 1001111010001111
0 -327 9 1000001100011101011
0 -310 12 1010111110001110111
0 -201 63 0101100010000010
1 49 13 1111101010100010100
7 -9 8 0101100010101100111
0 202 74 1000100001111010
0 210 46 10101100110011011
1 202 1 0101100010101100110010
0 -245 19 100100110001100100
0 -287 18 100010000001000010
0 -288 12 1010111110000011000
0 -313 13 1111101010100010101
0 220 47 10101111100000000
47 -1 1 0101100010101100110011
0 218 39 10010011111000000
0 -220 54 11111010101111100
0 206 48 10101111110010100
3 9 113 1111110101101110
1 -32 59 0010010111000010
0 193 62 0011111111000100
3 15 21 100111001111010111
1 65 12 1010111110000011011
1 62 11 1010100111100100000
1 25 79 1001001111111010
0 199 74 1000100101100000
3 12 67 1000000001000100
0 212 42 10011100111100100
39 1 2 010110001010001010011
7 7 34 10000010110000000
0 196 42 10011100111100101
0 -210 48 10101111110010001
42 -1 3 101011111100101010110
0 182 63 0101100010000001
0 238 31 00111111110011010
0 223 39 10010100110101100
25 -2 10 1001010011010111011
0 233 24 110011111001001001
0 -175 76 1000111011011101
2 18 40 10010110010000000
14 4 1 0101100010100010100101
0 -218 46 10101110001000111
0 188 70 1000001011001101
0 -260 28 111111010110000101
1 33 42 10011100111101001
0 -217 48 10101111100011000
0 204 45 10101001111001011
0 -275 21 100111001111111100
0 -185 71 1000001011001111
1 34 37 10001110110010110
7 6 75 1000111011001010
7 -7 35 10000010110000100
20 -3 2 010110101100000000011
11 6 8 0101101011000000011
0 -179 99 1111001000111101
1 -36 32 01011010110000001
35 2 1 0101100010100010101111
0 -214 44 10101000110001001
0 -249 27 111111000010000110
0 225 35 10000010110000101
0 214 45 10101100110010001
1 46 20 100101001101011110
0 -143 207 111101010100101
0 244 24 101011111000001111
0 284 15 001111001000000100
6 10 22 101010001100010001
5 -10 31 00111111110011011
0 -211 60 0011110001110011
5 -7 96 1100111110010110
16 -4 1 0101101011000000001111
0 219 47 10101110011001011
6 7 47 10101110011000000
0 216 46 10101110001000101
0 281 19 100011101101100100
0 231 27 111111000010000111
1 -50 25 111101000011011001
0 217 40 10010110010000101
4 13 5 10010100110101111100
0 232 39 10010011111000011
0 245 29 00100101011100011
0 228 42 10011100111101000
9 -10 2 010110101100000100011
0 200 51 11110101000001001
0 251 24 101011111000110101
0 -178 88 1001111101110100
0 260 21 100111001111111101
0 271 20 100101100100010010
29 2 3 101011111100101010111
6 -7 54 11111010101110011
9 -6 21 100111001111011000
0 259 21 100111001111011001
1 87 1 0101101011000001000101
3 -14 10 1001010011010111111
1 148 1 0101101011000001001111
0 229 34 10000001110000000
0 221 49 11110010000000011
2 24 11 1001111101110110000
0 179 64 0101100010100111
0 191 48 10101111100011011
32 2 1 0101101011000001010111
0 224 33 01011010110000011
0 205 56 11111101011000011
6 6 135 100000000100011
0 207 49 11110010000000010
15 -6 2 010110101100000101110
0 198 45 10101001111001010
0 -340 16 010110001010100111
1 80 3 101011111100101101001
5 8 51 11110101010011100
0 -184 65 0101101110001000
5 7 102 1111010100000110
3 19 4 01011000101010011001
6 8 25 111101000100100100
11 -6 7 11111101010101100001
0 -316 10 1001011001000100110
2 -28 4 01011000101011011001
1 -48 22 101010001100000101
1 -41 21 100111101000110000
1 -62 5 10010100110101111101
0 -267 24 110011111001010001
6 -9 15 001111001000011000
0 303 12 1010111110001111000
1 -46 20 100101100100000100
1 50 12 1010111110001111001
1 56 12 1010111110001111010
0 -285 16 010110001001101100
0 276 24 110011111001010110
2 20 22 101010001100000000
1 58 13 1111101010100010110
2 -18 25 111101000100100101
0 293 12 1010111110001111011
1 -52 12 1010111110001110000
1 83 4 01011000100110110100
1 97 2 010110101100000101111
0 -302 14 1111110101100101001
0 -169 131 010110101110101
0 247 19 100100111101001100
28 -2 2 010110001001101101011
0 -204 59 0010010111000100
0 456 2 010110001001101101111
0 408 3 101011111100101101110
1 93 3 101011111100101101111
1 -72 5 10010110010000010100
5 9 23 101011100010000111
1 104 3 101011111000111000101
1 101 4 01011000101000100010
0 292 9 1000100000010000000
2 17 22 100111110111000110
0 452 2 010110001010010011001
2 -24 7 11111101011000010010
0 252 27 111110101011100101
1 53 12 1111001000000000000
13 6 3 101011111000111000110
6 -12 1 0101101011000001011011
4 10 61 0011111010100111
2 16 50 11110100010010000
38 -1 5 10010110010000010101
8 -8 6 11001111100101010001
1 139 1 0101100010100010001111
0 414 4 01011000101010110011
0 272 22 100111110111000111
27 -2 2 010110001010101100011
0 -208 48 11001111100100000
7 8 10 1001011001000001011
0 473 2 010110001010101101010
0 418 2 010110001010101101011
3 -21 3 110011111001010100110
0 298 17 100000011100000110
0 -283 12 1100111110010011001
0 300 12 1010111110001110010
0 297 9 1000100000010000001
0 510 1 0101100010101011000011
0 -187 76 1000111011011000
0 -306 11 1010100011000100000
0 -563 1 0101100010101011011111
4 -15 8 0101100010011011111
0 -530 2 010110001001101111001
2 30 4 01011000101010001011
2 -20 14 1111110101010111110
0 -190 72 1000001100111100
0 -265 17 100000011100000111
1 -133 1 0101100010000011111111
4 -9 58 0010010101111110
0 469 1 0101100010011011110111
0 -470 1 0101100010101000111101
0 234 28 111111010110010101
0 267 16 010110001001101001
0 -375 5 10010110010000110110
0 -397 2 010110001001101000001
0 211 46 10101100110011010
0 163 109 1111110000100011
7 9 7 11111101011001011100
0 -479 3 101011111000111001111
0 -462 1 0101100010101000111111
0 -460 1 0101100010100011100101
7 14 1 0101100010100011100111
0 -392 3 110011111001010101011
0 -385 5 10010110010000100000
12 6 6 10101111110010110000
0 -355 7 11111101011001011101
0 274 10 1001011001000010001
1 -151 1 0101100010100011101001
1 57 8 0101100010101110000
0 318 5 10010110010000100001
5 -8 57 0010010011110010
0 269 19 100011101101001110
0 -226 44 10101000110000001
0 -246 39 10010011111000001
0 -348 5 10010110010001101101
0 357 3 110011111001010101111
5 14 3 111100100000000001010
0 -277 17 100000101100000110
8 10 3 111100100000000001011
0 226 36 10000011001111100
0 -189 72 1000100000010001
0 -291 15 001111101010011000
0 246 27 111111010001010100
19 3 2 010110001010001110111
0 -280 14 1111110101100101100
0 -232 47 10101111100000001
3 13 10 1001001111010011011
1 43 19 100011101101001100
11 -8 2 010110001010111000110
31 2 1 0101100010100011101011
1 74 6 11001111100100001111
2 26 5 10010011110100110101
2 23 4 01011000101001101010
0 235 36 10000011001111010
6 -14 4 01011000101001101011
5 11 4 01011000101011010000
0 -222 38 10001110110111000
5 16 3 111100100000000001101
0 -284 23 101011100010000110
1 -47 16 010110001010101110
0 343 8 0101100010100100100
6 9 17 100000011100010100
0 -256 22 100111110111011001
1 -65 4 01011000101011010011
18 3 2 010110001010011010011
0 -254 29 00100101011100010
0 -331 8 0101100010100100101
3 25 2 010110001010111110000
0 254 15 001111101010011001
0 359 8 0101100010101111101
3 -11 32 01011000101011000
1 -55 9 1000001100011101111
0 -205 66 0101101110001011
1 68 7 11111101010101100110
0 -186 81 1001011001000111
0 -228 50 11110100010010001
1 72 8 0101100010011010101
1 -81 4 01011000101011111001
1 -60 7 11111101010101100111
0 349 6 10101111100000111001
0 -368 5 10010110010001011011
10 7 3 101011111000001110001
0 248 25 111101000100100111
0 -360 6 11001111100100111010
0 -342 11 1001111010001100010
0 309 11 1001111010001100011
1 -162 1 0101100010101110001111
0 -351 4 01011000101000001001
0 -532 1 0101100010101111100011
4 -12 25 111101010000010001
0 -278 22 101010001100000001
0 -378 5 10010110010000011010
0 -465 1 0101100010100000100011
9 -8 2 010110001000001100011
7 10 16 010110001010100100
9 -7 13 1111101010100000011
1 77 4 01011000101000101110
40 1 2 010110001000001100111
0 -262 16 010110001001101110
0 -303 7 0010010101110000000
0 -367 5 10010110010000011011
46 1 1 0101100010100000101111
0 -304 8 0101100010100110111
2 -15 72 1000001100011111
2 22 2 010110001010001011111
0 -352 8 0101100010101111010
0 -273 12 1100111110010100101
2 19 7 0010010101110000001
33 2 1 0101100010100010111101
1 61 9 1000001100011110001
0 -425 4 01011000101001100001
30 2 1 0101100010100010011011
0 -442 3 110011111001010111010
0 -305 11 1001111101110110110
0 356 5 10010110010001100000
0 -325 6 11001111100101011110
3 14 11 1001111101110110111
0 -247 16 010110001001111111
0 -241 34 10000001110001011
0 -276 17 100000011100000010
2 21 9 1000001100011101100
26 2 2 010110001010011000111
0 324 8 0101100010011111010
2 54 1 0101100010100010011111
0 -483 1 0101100010011111011001
0 -243 23 101011100010000100
0 476 1 0101100010011111011011
3 -15 11 1001111101110110101
1 -61 6 11001111100100110000
0 236 27 111110101011111010
0 -349 6 11001111100100110001
0 -361 4 01011000101000111111
0 -484 1 0101100010011111011111
0 322 15 001111001000000101
0 -323 10 1001011001000110001
9 7 5 10010110010000001100
12 -8 1 0101100010101011111100
2 40 1 0101100010101011111101
1 -74 8 0101100010101111110
0 227 29 00100101011111011
0 381 5 10010110010000001101
0 -362 5 10010110010001000000
0 368 10 1001011001000100001
0 334 5 10010110010001000001
0 -520 1 0101100010101011111111
0 -257 22 101010001100000110
1 98 1 0101100010101101111101
0 330 10 1001011001000110011
0 -322 9 1000001011000001110
0 327 5 10010110010000110000
0 442 2 010110001010111111100
0 -515 2 010110001010111111101
1 -150 1 0101100010101101111111
1 63 6 10101111100011001101
0 -457 1 0101100010101111111111
0 -341 7 11111101011000010000
0 213 36 10001000000100111
0 405 1 0101100010100001001101
2 -23 7 11111101010101100011
0 -611 1 0101100010100001001111
0 317 6 10101111110010111000
0 -513 1 0101100010011111001001
0 -332 9 1000111011011001010
0 -400 3 101011111100101110010
0 310 7 11111101011001011010
0 -350 8 0101100010100000011
0 455 2 010110001001111100111
0 290 21 100111001111010101
0 -339 11 1010100011000100001
0 -308 7 11111101011001011011
0 427 1 0101100010011111001011
0 302 6 10101111100011010010
4 -11 8 0101100010000011101
0 -250 34 10000001110000101
0 366 5 10010110010000110001
1 -56 8 0101100010101010001
0 265 18 100000110011111011
0 323 8 0101100010011001011
2 29 5 10010110010001100100
0 256 18 100010000001001100
0 344 6 10101111100011010011
0 475 1 0101100010101110010011
0 -370 5 10010110010001100101
0 263 25 111101000011011000
0 -376 6 10101111100011111010
0 -398 4 01011000101011010101
0 264 15 001111000111101000
0 382 6 10101111100011111011
0 531 1 0101100010101110010111
0 393 4 01011000100110010100
0 392 4 01011000100110010101
0 -538 1 0101100010101101011101
0 462 2 010110001000001110010
0 432 2 010110001000001110011
0 241 23 101011100010001100
0 -399 5 10010110010000110010
4 14 5 10010110010000110011
0 636 1 0101100010101101011111
0 258 23 101011100010000101
1 66 8 0101100010100011110
46 -1 1 0101100010100000010011
0 294 14 1111110101010111010
0 -383 3 110011111001000011010
0 308 8 0101100010100010010
0 350 7 11111101010101111011
0 -577 1 0101100010101101110101
0 -264 24 110011111001000010
0 -436 2 010110001010001011001
0 249 32 01011000100111011
16 3 2 010110001010001011010
0 -336 7 11111101010101100100
8 -7 18 100010000001000001
0 -282 13 1111101010100000010
0 301 11 1001111101110001010
0 336 3 110011111001001111100
0 365 3 110011111001001111101
1 -64 5 10010110010000011001
0 -424 1 0101100010101101110111
0 339 3 110011111001001111111
0 -301 17 100000011100010101
1 111 2 010110001001101010011
0 257 26 111110101010000011
0 222 30 00111100100000011
13 -6 2 010110001010100010011
0 285 14 1111110101100101000
0 -315 10 1001011001000100111
0 262 17 100000011100000101
0 287 11 1010100111100100001
0 283 19 100100110001100101
7 12 2 010110001000001111011
0 -417 2 010110001010001000011
0 358 3 110011111001001101010
4 11 15 001111001000010110
0 -263 20 100101001101011100
1 -98 2 010110101100000001010
0 -364 4 01011000101011101100
0 -406 4 01011000101011101101
1 -107 1 0101100010100010110111
0 -307 15 001111000111101111
0 -286 17 100000011100000011
0 -324 9 1000001100011101001
8 6 26 111110101011010000
0 215 35 10000010110011100
10 6 12 1010111110001111100
0 -432 2 010110001010101001001
0 -396 4 01011000100110011001
1 -75 4 01011000100110001101
0 -379 4 01011000100110001001
0 -296 13 1111101010100000101
0 270 15 001111000111101001
3 16 13 1111101010100000100
0 237 25 111101000100100110
0 -328 8 0101100010100000000
0 -312 12 1010111111001000001
8 8 5 10010110010000110101
8 -6 39 10010011110100101
6 -11 2 010110001010101001011
0 282 11 1001111101110110100
0 -480 1 0101101011000000010111
8 -14 1 0101100010011000010101
49 -1 1 0101100010011000010111
0 -227 37 10001000011110111
0 -356 2 010110001010111101111
0 -501 1 0101100010101111011011
0 -506 1 0101100010011001000111
0 -559 1 0101100010011000101000
3 -16 11 1010100011000001110
5 -12 12 1010111110001100101
1 60 8 0101100010101110011
1 -71 3 101011111000001100100
0 305 11 1010100111100100010
0 289 15 001111001000011001
0 314 12 1100111110010010000
1 -83 3 101011111000001100101
0 -209 57 0010010011110011
0 -233 40 10010110010000111
0 -329 8 0101100010011111000
6 16 2 010110001001100010101
1 136 3 101011111000110011001
1 108 2 010110001010101111010
0 -235 36 10001000000101010
0 286 15 001111111100110010
1 177 1 0101100010011000101001
0 -326 10 1001011001000101100
0 313 3 110011111001000011100
0 316 5 10010110010001101110
1 76 9 1000001100011101110
7 -11 2 010110001001100100110
1 -79 3 110011111001000011101
1 78 2 010110001001100100111
0 239 25 111101010000010000
0 240 23 101011111000001000
0 299 12 1111001000000000001
1 -199 1 0101100010101011110111
10 9 1 0101100010011010001011
8 7 17 100000011100000100
0 421 1 0101100010101001101001
0 422 2 010110001010100110110
1 90 3 110011111001010101101
0 266 9 1000001100011101010
0 -421 4 01011000101010000000
0 354 4 01011000101010000001
0 -311 9 1000001100011101000
1 -59 7 11111101010101110000
1 -87 3 101011111000110011100
0 594 1 0101100010101001101011
1 105 4 01011000100000110101
0 526 1 0101100010101001101111
0 -389 5 10010110010000110100
0 277 15 001111001000010111
0 468 1 0101100010101100100001
0 -359 4 01011000101010100000
2 -17 9 1000001100011101101
0 315 10 1001011001000000111
0 -289 14 1111110101100101111
10 -10 1 0101100010101100100011
0 288 11 1001111101110001011
0 304 5 10010110010001011010
0 445 3 111100100000000001000
1 71 5 10010110010001101100
1 -114 1 0101100010101010000110
12 -6 3 111100100000000001001
0 395 1 0101100010101010000111
0 250 21 100111001111010100
0 295 13 1111010101001111111
2 25 3 110011111001010100001
1 -262 1 0101100010100110110111
0 444 4 10000011001111101000
1 69 6 11001111100101010100
10 8 1 0101100010101101101011
1 64 7 11111101010101111010
0 328 9 1000100000010000110
0 376 6 10101111100011111110
2 -44 1 0101100010101101101111
1 168 1 0101100010100110110011
2 -22 9 1000100000010000111
0 -333 11 1010100111100100011
0 -300 12 1100111110010011110
1 84 2 010110001010111011101
0 242 22 101010001100000100
0 -320 12 1010111111001011001
0 -371 4 01011000100110010000
4 15 7 11111101010101100010
0 -344 1 0101100010101011110010
0 397 2 010110001001100001001
1 -109 2 010110001001100011000
1 73 2 010110001001100011001
0 -270 19 100011101101100110
0 333 7 11111101010101100101
0 -251 33 10000000010001010
2 27 1 0101100010101011110011
1 106 2 010110001010001000001
0 361 6 11001111100100110100
0 -537 1 0101100010011001100011
0 -295 16 010110001001111011
4 -18 2 010110001001101010001
0 -343 6 11001111100100001100
1 135 2 010110001010110111001
0 342 3 110011111001001101111
2 -29 2 010110001010110101100
0 -259 24 110011111001010000
0 291 12 1010111111001010100
0 337 9 1000001011000001111
0 407 1 0101100010101101011010
0 398 2 010110001010000100000
0 320 13 1111010101001111110
2 -53 1 0101100010101101011011
0 -297 13 1111101010100010111
1 130 1 0101100010100001000011
1 -63 3 110011111001010111111
0 369 4 01011000101001100010
1 -103 2 010110001010110111101
0 296 12 1100111110010100100
0 433 1 0101100010100110000010
1 112 1 0101100010100110000011
0 453 3 110011111001010111001
1 -127 1 0101100010000011001001
0 268 12 1010111110000011101
0 319 7 0010010101110000011
0 -434 2 010110001010110100100
0 311 7 0010010101110000010
0 -345 6 11110010000000000111
1 -174 1 0101100010000011001011
1 -88 3 101011111100101100010
1 -66 5 10010110010000110111
0 387 4 01011000101000111000
0 261 14 1111110101010111111
1 59 7 11111101011000010011
0 -523 1 0101100010100110100010
0 403 3 101011111100101100011
2 -30 3 101011111000111001101
1 96 4 01011000101010110110
1 126 3 110011111001010100100
1 75 4 01011000101010110010
0 273 11 1001111101110110001
4 -13 8 0101100010100100111
0 275 14 1111110101010111100
1 -149 1 0101100010100110100011
4 -16 3 110011111001010100101
1 -120 1 0101100010101000101011
3 -22 1 0101100010101101100010
1 -94 2 010110001010100110001
0 279 12 1010111110001101000
1 -90 1 0101100010101101100011
4 16 6 11001111100100100010
1 176 1 0101101011000001001010
0 355 2 010110101100000000000
3 -54 1 0101101011000001001011
8 9 2 010110001010001010101
0 278 15 001111001000010001
2 44 1 0101101011000000000011
7 -12 2 010110001010111010100
2 36 2 010110001010111010101
0 312 6 10101111110010111101
0 329 4 01011000101010010100
0 370 4 01011000101010000110
0 371 4 01011000101010000100
0 446 1 0101100010100010100011
0 341 2 010110001010001101100
0 -490 1 0101100010101110100011
0 -496 1 0101100010100011011011
0 351 4 01011000101000110000
0 332 8 0101100010011001110
0 460 1 0101100010100011010011
0 -290 20 100101100100000111
6 11 1 0101100010100011001011
6 -15 5 10001110110110010111
0 483 1 0101100010011000001010
0 364 4 01011000101001100100
3 -24 3 101011111000110011110
0 -353 5 10001110110110010110
0 -363 4 01011000100000110110
2 -27 3 101011111000110011111
0 -321 12 1100111110010010101
0 429 3 101011111100101101100
0 503 1 0101100010011000001011
6 15 1 0101100010000011111010
0 388 2 010110001000001100000
1 187 1 0101100010000011111011
0 525 1 0101100010000011000010
0 379 3 110011111001001101100
0 -337 7 11111101010101110010
0 413 3 110011111001010100000
1 -148 1 0101100010000011000011
0 478 1 0101100010000011010001
0 -412 2 010110001010111011111
1 81 4 01011000100110001011
0 307 16 010110001001111010
0 335 4 01011000101010001101
0 500 1 0101100010000011010011
0 514 1 0101100010101000100001
0 -382 5 10010110010000011000
0 373 4 01011000101000000101
7 15 1 0101100010101000100011
9 -20 1 0101100010100001000110
0 472 1 0101100010100001000111
7 -16 1 0101100010101011111011
0 340 5 10010011110100110100
0 396 2 010110001010110100011
0 430 3 110011111001010101110
0 441 1 0101100010101110001010
0 383 4 01011000101010001110
1 -76 2 010110001001101000011
0 360 4 01011000101001001101
0 410 3 101011111000111000100
0 367 2 010110001010101101001
1 413 1 0101100010101110001011
0 404 1 0101101011000001010001
14 -6 1 0101101011000001010011
1 79 4 01011000101010000101
2 -36 2 010110001010101001101
3 -20 4 01011000101000110101
0 -299 8 0101100010011000011
0 326 4 01011000101000010111
1 116 1 0101100010101100101111
1 -86 3 101011111100100000000
10 -8 3 101011111000111111010
1 -91 2 010110001010101001100
3 20 2 010110001010110010110
0 -388 6 10101111110010110101
3 33 2 010110001010101101000
0 -369 2 010110001001101000010
1 -118 1 0101100010101110001000
0 280 12 1100111110010011100
0 -386 2 010110001010101111100
5 -11 3 110011111001001111110
2 28 3 110011111001010101100
30 -2 2 010110001010111011110
0 -393 4 01011000101000010010
1 88 3 101011111000111001100
0 -430 1 0101100010101110001001
1 86 2 010110001001111110000
0 -401 3 101011111100101101101
0 -463 1 0101100010000011111001
1 -126 1 0101100010100011010000
0 321 6 10101111100011111111
1 -197 1 0101100010100011010001
1 -99 5 10010110010001101011
0 399 2 010110001010001010000
1 279 1 0101100010101110100001
0 -427 4 01011010110000000010
3 18 6 11001111100100100011
0 362 2 010110001010100110000
1 -112 1 0101100010100010101001
15 6 1 0101100010101101100001
1 183 1 0101100010011011011001
0 -438 1 0101100010101000101001
7 11 4 01011000101000001010
0 -358 9 1000001100011110000
1 109 2 010110001010011000000
0 -414 2 010110001010110111100
2 -32 3 110011111001001101101
0 451 1 0101100010100110100001
6 18 1 0101100010101101110000
6 13 1 0101100010101101110001
1 -95 1 0101100010011010100001
0 -431 1 0101100010100010000000
0 -381 2 010110001001100110000
0 -391 4 01011000100110001000
0 348 2 010110001001100001000
1 -142 2 010110001010101111000
0 -377 6 10101111110010111110
1 -82 2 010110001010011011000
0 -448 2 010110001010110110110
2 -48 1 0101100010100010000001
1 -156 1 0101100010101101101001
0 325 4 01011000101011001001
0 378 3 101011111000110011101
3 -18 5 10010110010001101111
5 12 4 01011000100110100011
4 -36 1 0101100010011010001000
10 14 1 0101100010011010001001
1 -67 3 101011111000110011000
4 20 3 110011111001001101011
2 -31 1 0101100010101000110000
1 -123 1 0101100010101000110001
0 391 2 010110001010111101110
8 -10 1 0101100010011001000101
0 331 6 10101111100000110011
1 -136 1 0101100010101111011001
5 -13 2 010110001010101001000
0 428 4 01011010110000000100
0 -413 2 010110001010001000010
0 380 1 0101100010000011110100
0 -446 1 0101100010000011110101
0 -494 1 0101100010011010100100
0 -423 3 110011111001000011011
0 -390 2 010110001010001011000
1 -131 3 101011111100101110011
0 412 2 010110001010000001000
0 426 1 0101100010011010100101
0 353 4 01011000101011010100
0 -471 1 0101100010101110010100
8 17 1 0101100010101110010101
0 -521 1 0101100010101110010001
0 347 7 11111101011000010001
0 -444 3 101011111000001101011
5 -14 1 0101100010101111111100
0 -404 1 0101100010101111111101
1 -73 6 10101111100000110100
0 338 3 110011111001010111011
2 -40 2 010110001010001111100
7 -10 1 0101100010011111011100
0 375 5 10010110010001100001
0 -433 1 0101100010011111011101
0 477 2 010110001010001001110
0 385 1 0101100010100110001101
10 -7 6 11001111100100111011
2 -25 2 010110001000001100110
0 -486 1 0101100010000011000100
0 417 2 010110001010000010110
0 -354 2 010110001010000010000
0 -366 3 101011111000001110000
1 -128 1 0101100010000011000101
2 32 3 111100100000000001100
0 -347 2 010110001010001110110
0 -411 3 110011111001010101010
1 123 3 101011111000111001110
0 -443 2 010110001001101000000
11 7 3 110011111001010100111
1 -101 1 0101100010100110100101
0 352 2 010110001001101111000
12 12 1 0101100010000011111100
1 -100 1 0101100010000011111101
0 -408 3 101011111000111000111
0 -422 2 010110001010101100010
20 3 2 010110001010101100000
1 -138 2 010110001010001000110
5 -20 1 0101100010101011011101
0 -394 2 010110001001101101110
2 -33 2 010110001001101101010
0 346 3 101011111100101101000
0 -435 2 010110101100000101100
2 -45 1 0101100010100100110001
5 -16 2 010110101100000100110
1 128 1 0101101011000001010101
1 -116 2 010110101100000000110
1 137 2 010110101100000000010
1 85 1 0101100010100010101100
0 306 4 01011000101011001101
5 18 1 0101100010100010101101
1 229 1 0101100010101100101000
0 -495 2 010110001010111010110
7 -13 1 0101100010101100101001
4 25 1 0101100010101110100101
0 384 3 101011111100101110110
3 -32 1 0101100010101000001100
0 552 1 0101100010101000001101
0 401 2 010110001001100111110
0 465 1 0101100010100011000101
1 99 2 010110001001100011110
0 -472 1 0101100010011001101101
0 488 1 0101100010011000000000
0 390 3 110011111001001010000
2 -42 1 0101100010011000000001
0 457 1 1010111111001000000010
0 389 3 110011111001001010001
0 -458 1 0101100010011001101100
3 21 1 0101100010100011000100
0 -409 2 010110001010101001110
2 -57 1 0101100010101110100100
1 -176 2 010110001010110011000
1 103 4 01011010110000010000
2 58 1 0101101011000001010100
0 471 1 0101100010100100110000
5 -18 1 0101100010101011011100
2 -37 2 010110001001101111010
3 17 1 0101100010100110100100
1 -111 2 010110001010001001100
2 -49 1 0101100010100110001100
5 -15 3 101011111000001101010
5 15 2 010110001001111100110
4 18 1 0101100010101110010000
0 345 4 01011000100000111000
0 437 2 010110001010100010010
0 -428 2 010110001010101001010
2 33 1 0101100010101111011000
1 121 1 0101100010011001000100
0 -357 4 01011000100110010010
1 113 2 010110001010011011010
1 -134 1 0101100010101101101000
1 110 2 010110001000001111000
1 -69 1 0101100010011010100000
0 -419 3 110011111001001101110
1 211 1 0101100010100110100000
0 470 1 0101100010101000101000
1 107 1 0101100010011011011000
1 131 1 0101100010101101100000
3 27 1 0101100010100010101000
2 -41 1 0101100010101110100000
0 -338 2 010110001010001100100
1 -92 1 0101100010000011111000
2 -34 2 100000110011111010010
2 46 1 0101100010101100101110
0 -449 1 0101101011000001010010
0 -527 1 0101101011000001010000
1 -96 2 010110001010110100010
0 458 1 0101100010101011111010
0 394 2 010110001010000100010
0 -452 1 0101100010101000100010
4 22 1 0101100010101000100000
1 120 1 0101100010000011010010
1 -160 1 0101100010000011010000
0 449 3 110011111001010111000
0 -384 2 010110001001111110001
0 372 2 010110001001100000100
0 443 1 0101100010100011001010
1 -153 1 0101100010100011010010
4 -17 1 0101100010100011011010
0 -461 1 0101100010101110100010
0 411 1 0101100010100010100010
0 533 1 0101101011000000000010
11 -7 2 010110101100000100100
0 463 2 010110001001101101101
19 7 1 0101100010101000101010
1 -102 2 010110001010110100101
10 -12 1 0101100010000011001010
3 -19 1 0101100010000011001000
0 406 3 110011111001010111110
3 -17 1 0101100010100001000010
12 -5 2 010110001000001111001
4 -14 1 0101100010011001100010
0 409 2 010110001010111011100
1 118 1 0101100010100110110010
9 -12 1 0101100010101101101110
0 535 1 0101100010101101101010
8 -12 1 0101100010100110110110
0 -405 2 010110001010101000010
1 163 1 0101100010101100100010
1 -189 1 0101100010101100100000
0 363 1 0101100010101001101110
3 -26 1 0101100010101001101010
0 -492 1 0101100010101001101000
0 492 1 0101100010011010001010
8 -9 1 0101100010101011110110
0 374 2 010110001010100011001
0 -410 1 0101100010011001000110
2 31 1 0101100010101111011010
17 -7 1 0101100010011000010110
2 -46 1 0101100010011000010100
2 -56 1 0101101011000000010110
2 -39 1 0101100010100010110110
1 -235 1 0101100010101101110110
1 -191 1 0101100010101101110100
2 60 1 0101100010100000010010
1 -122 1 0101100010101101011110
1 -104 1 0101100010101101011100
5 13 1 0101100010101110010110
0 -491 1 0101100010101110010010
0 -502 1 0101100010011111001010
1 -124 1 0101100010011111001000
2 -35 1 0101100010100001001110
0 -467 1 0101100010100001001100
0 -437 1 0101100010101111111110
1 -119 1 0101100010101101111110
0 -478 1 0101100010101101111100
10 -11 1 0101100010101011111110
0 -387 2 010110001010001111101
2 35 1 0101100010011111011110
0 -498 1 0101100010011111011010
1 140 1 0101100010011111011000
0 497 1 0101100010100010011110
1 -253 1 0101100010100010011010
0 -415 1 0101100010100010111100
2 47 1 0101100010100000101110
0 -509 1 0101100010100000100010
0 550 1 0101100010101111100010
1 -184 1 0101100010101110001110
0 -380 1 0101100010100011101010
0 -477 1 0101100010100011101000
12 7 1 0101100010100011100110
0 -547 1 0101100010100011100100
1 219 1 0101100010101000111110
3 28 1 0101100010101000111100
1 92 1 0101100010011011110110
1 -286 1 0101100010000011111110
0 -426 1 0101100010101011011110
6 12 1 0101100010101011000010
0 -550 1 0101100010100010001110
0 424 1 0101101011000001011010
18 -6 1 0101101011000001010110
3 29 1 0101101011000001001110
0 -418 1 0101101011000001000100
15 5 1 0101101011000000001110
4 -23 1 0101100010100010101110
1 162 1 0101100010100010100100
0 377 2 010110001010110010101
45 -1 1 0101100010101110100110
8 12 1 0101100010101000001110
1 281 1 0101100010011001101110
3 22 1 0101100010011000001110
1 -224 1 0101100010011000001100
0 400 1 0101100010011000000010
0 431 1 0101100010100110010100
4 -21 1 0101100010100000001000

