0 60 1 010011111000000000
0 59 1 010011111000000001
0 0 246741 1
0 1 49317 00
0 -1 48730 011
0 -2 9535 01010
0 2 9651 01011
0 3 4021 010001
0 -3 3945 010000
0 -7 354 0100111101
0 4 2135 0100101
0 6 574 010011100
0 7 321 0100111100
0 -6 628 010011101
0 -4 1992 0100100
0 5 1103 01001101
0 -5 1084 01001100
0 8 160 010011111111
0 -8 211 01001111110
0 10 56 0100111110110
0 -9 141 010011111110
0 -10 59 0100111110111
0 9 91 010011111001
0 -11 42 0100111110001
0 -12 19 01001111100001
0 -13 13 010011111010101
0 19 2 01001111100000010
0 14 3 01001111101001100
0 17 7 0100111110101101
0 -16 6 0100111110100111
0 23 1 010011111000000011
0 20 3 01001111101010011
0 -21 1 010011111000000110
0 -14 6 0100111110101100
0 -15 3 01001111101010000
0 21 3 01001111101010001
0 -22 3 01001111100000110
0 24 1 010011111000000111
0 -23 2 01001111100000100
0 12 15 010011111010111
0 -18 2 01001111100000101
0 15 3 01001111101010010
0 13 11 010011111010010
0 11 20 01001111101000
0 -17 3 01001111100000111
0 16 3 01001111101001101
0 18 1 010011111000000010

