0 -10 4044 0110001011
3 -2 10113 011111111
0 -2 125580 01010
7 1 38683 0111110
0 2 126266 01011
11 -1 24046 0010011
0 1 582220 101
0 0 381024 000
0 -12 2521 01111111001
4 2 6941 001101110
21 -1 2198 01111000000
3 1 117367 01000
11 1 24342 0010110
0 -1 576306 100
0 3 43342 1111110
3 2 10373 111110010
8 -1 34952 0111011
1 -1 301374 1100
3 -1 113974 00111
5 1 66011 011011
1 1 304148 1101
12 -4 60 0100101001010101
6 1 48550 001010
5 -1 65406 011001
0 5 15811 01001111
4 -2 6616 001101001
8 1 33714 0111001
12 -1 13864 00110110
9 1 32629 0110100
9 -1 31921 0110000
1 -4 3909 0100110110
10 -2 2265 01111001010
13 4 1302 111110011010
2 -1 163825 11101
6 -1 47188 001000
2 1 167150 11110
19 1 1455 00100100111
7 -1 38369 0111101
4 -1 80595 111000
9 -3 1763 01001000000
13 5 1328 111110011100
0 -3 44081 1111111
4 1 81398 111001
12 1 14590 01001001
3 -4 178 00100100110010
8 2 1820 01001000011
11 -2 1338 111110011101
0 4 24964 0010111
3 -3 875 001101111110
0 -4 26162 0011001
18 1 1627 00110001111
20 -1 2057 01110100000
1 -3 8905 011110001
10 1 20662 11111000
13 1 7805 010011010
1 -2 33230 0110101
2 -2 15366 01001011
5 -2 4502 0111100100
15 1 3087 0011000001
2 2 15455 01001100
13 -1 7851 010011100
20 1 1990 01100010010
12 -3 313 01111111000011
6 -2 3434 0011010111
0 7 7684 010010101
10 -1 21253 11111011
0 6 10664 111110101
0 -5 16294 01100011
16 1 2201 01111000001
9 -2 2080 01110100011
16 -1 2317 01111001101
14 1 4815 0111111010
0 10 3913 0100110111
1 4 3407 0011010110
14 -1 4721 0111111000
4 3 446 0100100000110
6 2 3793 0100101000
1 2 33554 0111000
24 1 522 0111010000111
2 -3 1398 00100100010
1 3 8483 011101010
0 9 5052 0111111101
21 1 2175 01110101111
13 3 526 0111010011000
32 -1 429 0011011110110
10 3 852 001101111000
10 2 1992 01100010011
12 2 1984 01100010001
14 3 357 0010010011000
9 2 2101 01110100101
19 -1 1500 00110000000
28 1 363 0010010011010
0 -6 10581 111110100
12 -2 1742 00110111110
9 3 1410 00100100100
13 -4 1025 011101000010
7 -2 2127 01110101100
0 8 5984 001001011
3 3 919 010010001100
17 1 2074 01110100010
23 -1 803 001100010011
29 1 528 0111010011001
22 1 889 010010000010
30 -1 291 01111001100111
18 -1 1597 00110001100
36 -1 61 0100101001011111
14 2 559 0111100001001
5 2 4645 0111100111
9 -4 273 01111000010000
35 1 132 011101000011011
0 28 302 01111110011110
0 39 127 011000101011101
0 11 3334 0011010100
0 17 1181 011111100101
2 3 1428 00100100101
6 3 314 01111111000100
11 2 1270 111110011000
37 1 120 010010100101011
0 -13 2279 01111001011
7 3 227 01001000100001
0 -19 946 010010100100
0 -39 117 010010001110010
0 -7 7874 010011101
0 -8 6144 001100001
7 2 2152 01110101101
0 -15 1663 00110100011
0 13 2252 01111000011
38 -1 99 001100010010101
4 -3 351 11111001111111
0 -9 5011 0111111011
0 -17 1182 011111100110
32 1 465 0100100011011
21 -2 70 0111100001010010
0 12 2738 0010010000
15 -1 3164 0011000101
26 -1 529 0111010011101
7 -4 53 0011010101110010
13 -5 1009 011000101010
29 -1 497 0110001010000
8 -2 1794 01001000010
1 -6 936 010010001111
27 1 639 1111100110010
27 -1 571 0111100110000
14 -2 575 0111100110010
43 1 56 0100100000111001
0 -11 3287 0011010000
17 -1 2091 01110100100
1 5 1492 00100101011
37 -1 101 001100011100110
23 1 781 001100010001
30 1 273 01111000010001
41 -1 44 0010010001110010
25 1 500 0110001010010
0 30 289 01111001100011
0 36 156 011111110000101
22 2 33 01110100001101011
2 5 80 1111100110011000
0 -21 678 1111100111101
0 -38 147 011111100100010
0 -14 1928 01001010011
0 16 1466 00100101000
13 2 417 0011010001011
28 -1 379 0011000000111
14 -4 147 011111100100011
2 -4 266 01110100111111
5 -3 250 01100010100011
1 -11 141 011110000101010
20 2 32 01100010101111010
1 6 878 001101111111
6 -3 250 01100010100110
34 -1 167 111110011110001
26 1 529 0111010011110
24 -1 528 0111010011100
1 -5 1612 00110001101
22 -1 977 011000100000
12 3 371 0010010101001
0 -16 1473 00100101001
0 14 1828 01001000101
0 -24 496 0110001000011
2 -5 80 1111100110011001
0 21 701 001001000110
13 -2 444 0011011110111
0 -22 615 0111111100000
0 -23 544 0111010111011
7 -3 184 00110000001000
0 15 1676 00110101010
0 19 915 010010001001
11 -4 33 01110100111110000
44 1 18 011110011000101000
3 4 153 011111100111111
10 -3 810 001100011101
1 9 332 11111001101101
8 -3 158 011111110001011
1 10 210 00110101011101
11 -3 104 001101000100011
42 1 72 0111100110001011
1 -7 682 1111100111110
1 -8 363 0010010011011
18 2 25 00110100010001000
0 -20 867 001101111010
0 20 739 001001010101
0 25 456 0100100010001
0 22 596 0111111001110
0 -28 319 01111111000111
0 -43 66 0111010011111001
0 -27 376 0011000000101
0 18 1054 011101001101
0 23 570 0111100001011
13 -3 420 0011010101101
1 20 21 111110011001111111
0 -31 241 01100010000100
14 -3 367 0010010101000
10 4 53 0011010101110011
17 2 84 1111100111100110
38 1 83 1111100111100000
40 1 106 001101111001000
33 1 118 010010100101000
0 -35 176 00100100011101
0 -50 42 11111001111000011
0 -18 1073 011101011100
0 -30 271 01110101110100
0 -25 426 0011010101111
0 -36 126 011000101011100
33 -1 135 011101011101010
25 -1 468 0100100011101
9 4 214 00110111100101
13 -6 58 0100100011100000
0 -29 293 01111110010000
0 31 229 01001000110100
34 1 191 00110001000001
1 16 40 11111001100110110
1 11 177 00100100011110
0 -26 420 0011010101100
0 26 415 0011010001010
0 -37 149 011111100100101
0 24 505 0110001010110
1 -9 247 01100010000101
35 -1 117 010010001110011
7 -5 2 010010000011101010010
3 5 31 01100010100010010
16 -2 141 011110000101011
22 -2 36 01111001100010101
40 -1 88 001001000111110
31 1 190 00110000001101
52 1 40 11111001100111000
50 1 32 01100010101111011
16 2 113 010010001000001
0 34 196 00110001001001
0 35 162 111110011011001
0 33 190 00110001000000
45 -1 19 011111100111110100
17 -2 97 001100010010000
41 1 70 0111100110001000
1 7 663 1111100110111
2 4 251 01100010100111
0 29 318 01111111000110
0 40 89 001001001100110
0 47 56 0100100000111110
0 46 66 0111010011111010
0 42 93 001100000011000
23 -2 13 001101000100010010
20 -2 33 01110100111110001
54 -1 5 01111001100110010001
21 2 72 0111100110011000
39 -1 87 001001000111000
4 4 49 0011000100101000
1 31 4 01001000111000111111
1 12 124 011000101000101
5 3 297 01111110010011
2 7 30 01001010010111000
0 -32 189 00110000001001
0 32 204 00110100010000
46 1 29 01001000110101011
1 15 56 0100100000111111
11 3 102 001100011100111
0 38 137 011101011101011
31 -1 200 00110001110001
39 1 60 0100101001011101
14 4 162 111110011011000
1 8 428 0011011110011
42 -1 69 0111100001010001
0 27 415 0011010001001
0 43 74 0111111001111100
1 -18 31 01100010100010011
12 4 49 0011000100101001
12 5 3 00100100011111111110
1 -10 201 00110001110010
6 -4 32 01110100001100101
8 3 156 011111110000100
1 13 96 001100010000110
1 -12 145 011110011001101
0 -33 200 00110001110000
0 -34 175 111110011111101
22 3 6 0010010011001111110
7 4 34 01111000010100000
43 -1 60 0100101001011000
51 -1 27 00110111100100101
18 -2 39 01111111000101000
46 -1 32 01110100001100111
49 1 16 011101000011001001
53 1 9 0111100110001010010
50 -1 41 11111001111000010
13 6 60 0100101001011001
47 1 28 01001000001111000
52 -1 43 11111001111110010
1 14 60 0100101001011010
19 4 1 0100100000111010100110
44 -1 20 111110011001110101
15 -2 80 1111100110011010
5 -5 13 001101000100010011
24 -2 7 0100100000111100100
16 3 5 01111110011111010110
4 -4 46 0010010011001110
10 -4 39 01111111000101001
15 2 99 001100010010110
19 2 34 01111000010100001
0 37 118 010010100101001
8 -4 8 0110001010111111110
1 -14 59 0100101001010100
5 4 24 00110001000010101
1 -16 42 11111001111001011
36 1 57 0100100011010100
1 -13 84 1111100111100100
1 -40 3 00100100011111111111
47 -1 29 01001000111000110
12 -5 2 011000101000100001101
1 -17 33 01110100111110111
1 -15 53 0011011110010011
53 -1 8 0111010000110001111
9 -5 8 0111010000110100011
14 5 24 00110001000010110
0 -40 116 010010001101011
3 -5 28 01001000001110110
48 -1 14 010010000011110011
1 18 30 01001010010110111
1 -19 26 00110101011100010
16 -4 2 011000101000100001111
5 -4 28 01001000001110111
1 -23 10 1111100110011110100
11 4 24 00110000001100111
1 -21 11 001001000111001101
1 -22 7 0100100000111100101
0 -45 70 0111100001010011
11 5 3 00110000001100110001
0 -53 28 01001000001110100
57 -1 2 011101000011010010110
1 -28 9 0111100110001010011
1 -29 7 0100100000111010101
7 5 2 011101000011010010111
0 -56 14 010010000011101011
0 41 98 001100010010001
25 -2 14 010010000011110100
1 -26 6 0011000000110011001
20 -3 2 011000101011111010101
0 -42 85 1111100111111000
0 -41 112 010010001000000
0 44 74 0111111001001001
0 45 52 0011010001000101
1 45 2 011000101011111010111
1 26 6 0011000000110011011
1 23 12 001100010000100011
6 4 20 111110011001111001
1 17 31 01100010100010001
0 57 28 01001000001111011
1 -24 11 001001000111111000
25 2 11 001001000111111001
0 55 23 00100100110011110
0 49 71 0111100110001001
1 29 3 00110001000011111000
49 -1 18 011111100100100001
0 53 30 01001010010111100
0 -46 42 11111001111001010
13 7 1 0100100000111010100111
0 54 36 01111001100110011
27 -2 4 01100010101111101111
0 51 40 11111001100111001
0 -49 40 11111001100110111
1 28 5 01111110011111010111
26 -2 16 011101000011000100
21 3 1 0110001010111110110101
1 19 12 001100010000111111
2 -6 58 0100100011100001
10 -5 6 0011000100001111101
2 9 10 1111100110011101110
2 8 14 010010000011110101
1 -34 3 00110001000011111001
20 3 4 01110100001100010111
3 -6 16 011101000011001100
15 3 7 0100100000111000100
4 5 13 001101010111000011
31 -2 11 001001000111111011
45 1 15 010010100101111011
22 -3 3 00110001000010011000
51 1 17 011101001111101101
12 6 1 0110001010111110110111
0 50 50 0011000100101111
1 50 2 011000101011111001011
1 21 8 0111010000110000010
23 2 15 010010100101110010
0 48 58 0100100011100010
0 -78 4 01100010101111100111
0 -89 5 11111001100111011110
0 58 21 111110011110011101
0 -65 11 001001000111111110
1 -27 3 00110001000010011001
0 -63 29 01001000110101010
0 -51 37 01111110010010001
0 -59 16 011101000011010101
1 -20 16 011000101011110000
0 -54 22 00100100011100111
0 -55 21 111110011110011110
5 -6 4 01100010101111000100
25 -3 1 0110001010111100110111
0 -73 8 0111010011111011000
0 -58 22 00100100011111110
8 -5 1 0110001010111110011011
1 -25 9 0111100110011001010
19 -2 30 01001010010110110
1 22 15 011000101000100000
0 -61 13 001101111001001000
0 -60 13 001101111001001001
0 -80 6 0011000100001001011
1 -78 1 0110001010111100010111
1 -30 6 0011000100001111011
1 -31 6 0011000100001000001
0 -47 50 0011000100101110
1 -65 1 0111010000110000101000
0 -68 8 0111010000110001100
0 -67 8 0111010000110001101
1 -69 1 0111010000110000101001
0 -66 20 111110011001110100
0 -44 78 0111111100010101
1 -46 2 011101000011000010111
1 -45 2 011000101011111100010
1 -44 2 011000101011111100011
1 -43 1 0111010000110000101011
24 -4 3 00110001000010000101
1 -41 2 011000101011111100101
1 -42 1 0110001010111111001001
0 -48 48 0011000000110010
1 -33 7 0100100000111000110
4 -5 6 0011000100001011110
0 -64 9 0111111001001000000
0 62 6 0011000100001011111
0 70 13 001101010111000010
1 -39 1 0110001010111111001111
1 25 7 0100100000111000111
2 -10 6 0011000100001111000
0 -57 15 010010100101110011
0 -69 9 0111111001111101010
4 6 3 00110001000010000111
3 6 13 001101010111000111
0 -52 24 00110001000010100
0 -77 4 01110100001100110111
0 -71 6 0011000100001111001
1 30 3 00110001000011100010
17 3 1 0111010000110010001001
8 4 11 001001000111111010
0 -75 4 01100010101111001011
2 -7 20 111110011001111000
0 -84 5 11111001100111101100
0 -76 8 0111010000110100111
5 6 4 01110100001101010010
9 5 6 0011000100001110110
0 -85 3 00110001000011100011
0 -87 3 00110001000011101111
15 -3 4 01100010101111110111
32 -2 10 1111100110011110101
1 -36 2 011000101011110010101
1 40 1 0111010000110010001011
2 6 43 11111001111110011
25 6 1 0111010000110000001101
3 8 7 0100100011100011100
5 5 4 01110100001101010001
10 5 4 01100010101111001001
32 2 9 0111100110011001011
15 4 5 11111001100111101101
0 61 16 011000101011111110
26 2 16 011101000011010000
28 -2 3 00110001000010111010
2 -9 6 0011000100001001000
0 64 21 111110011110011100
14 -5 9 0111100110011001001
48 1 13 001101010111000001
0 75 2 011101000011010100001
15 -4 2 011101000011001101011
2 -8 13 001101010111000110
3 -7 7 0100100011100011101
16 -3 3 00110001000010111011
31 2 4 01110100001101001000
1 33 4 01110100001101001001
24 2 7 0100100011100011110
8 5 3 00110001000011100100
59 1 1 0111010000110000001111
5 -7 2 011101000011010001011
54 1 5 11111001100111101110
56 1 3 00110001000011100101
57 1 2 011000101011111010001
0 52 40 11111001100111110
0 66 14 010010000011100001
1 -48 1 0111010000110100010101
23 3 1 0110001010111110100111
4 -6 2 011101000011000011001
19 -3 1 0111010000110000110110
18 -3 1 0111010000110000110111
27 2 6 0010010011001111100
3 -9 3 00110001000011100111
1 24 9 0111111001001000001
28 2 1 0111010000110000100111
29 -2 2 011000101011111101011
58 1 1 0111010000110010000110
0 56 39 01111110011111011
61 1 1 0111010000110010000111
0 60 21 111110011110011111
0 59 20 111110011001110110
0 63 12 001100010000100010
2 14 3 00110001000010000001
55 -1 2 011101001111101100111
0 65 7 0100100000111000001
55 1 4 01100010101111111111
0 -72 4 01100010101111100000
0 101 1 0111010011111011001101
0 -79 4 01100010101111100011
0 -116 2 011000101011111000011
0 67 8 0110001010001000010
1 34 3 00110000001100110101
0 -91 2 011110011001100100001
0 -113 1 0110001010111111111011
0 76 8 0111010000110000011
0 -114 2 011101001111101100100
0 84 3 00110001000011110101
0 -132 2 011101001111101100101
0 149 2 011101000011000010000
0 -121 3 01001000001110000000
0 112 2 011101000011000010001
0 74 11 001001000111001100
0 -145 1 0110001010111110001011
0 69 15 010010100101111010
0 -117 2 011101000011000101000
0 83 2 011101000011000101001
0 -123 2 011101000011001101001
0 123 3 00110001000010111000
0 148 1 0110001010111100100010
2 12 3 00110001000010111001
0 127 1 0110001010111100100011
0 77 6 0010010011001111101
0 82 2 011000101011111101101
0 170 1 0111010000110000001011
0 183 1 0111010000110011011001
0 81 7 0100100000111000101
1 -47 1 0111010000110011011011
0 -92 3 00110001000010010100
0 -151 1 0110001010111111000001
0 87 3 00110001000010011100
0 -119 6 0011000100001001101
0 -126 2 011000101011111001000
0 93 4 01110100001100010110
0 -93 3 00110001000010011101
2 -18 2 011000101011111001001
0 134 1 0110001010111100110010
0 -62 13 001101010111000000
0 -107 1 0110001010111100110011
0 118 2 011101000011010010100
0 -99 1 0111010000110100101010
2 -11 6 0010010001111111110
0 121 2 011101000011000111001
0 -142 4 01100010101111001110
0 117 1 0111010000110100101011
0 -96 2 011000101011110001101
0 91 1 0100100011100011111011
0 97 2 011101000011000011101
0 115 3 00110001000011110100
0 114 3 00110000001100110100
1 39 3 00110001000010000000
2 13 3 00110001000011100000
3 9 3 00110001000011100110
3 -8 6 0011000100001001001
3 -18 1 0111010000110000000011
1 37 3 00110001000011101110
1 -32 4 01110100001100100011
0 -70 10 1111100110011111101
0 85 5 11111001100111111000
0 -82 3 00110001000010011110
0 -83 4 01100010101111001111
1 35 4 01110100001100011101
0 73 6 0010010011001111111
0 -98 1 0111010000110010000011
0 105 1 0111010000110101001111
0 95 2 011101000011001000000
0 -101 2 011101000011000011100
0 108 1 0111010000110101001101
0 94 1 0111010000110000000001
29 2 2 010010001110001111100
0 -130 2 011101000011000111000
0 89 3 01001000001110101000
14 6 1 0110001010111110111000
0 86 1 0110001010111110111001
0 -104 3 00110001000010010101
2 -15 5 11111001100111111001
0 -74 12 001100010000111010
1 -38 2 011000101011111101100
3 -13 1 0110001010111100110001
0 -103 2 011000101011110010000
5 -11 1 0111010000110000001001
0 -118 3 01001000001110000001
2 -13 4 01100010101111110100
0 80 5 11111001100111101111
4 -7 2 011000101011111000100
1 32 1 0111010000110011010001
1 49 1 0111100110011001000001
1 46 1 0110001010111110000101
3 -14 1 0110001010111111111001
3 -15 1 0111010000110010000100
0 68 8 0111010000110100110
3 11 2 011101000011000010010
2 -20 1 0111010000110010000101
3 10 2 011101000011000011000
1 43 1 0111010000110000111100
2 10 2 011000101011111010010
3 -10 1 0111010000110000111101
0 -81 4 01110100001100010101
18 4 1 0110001010111110100001
1 27 2 011101000011010100000
0 79 4 01110100001100000001
2 11 2 011000101011110010100
0 78 3 00110001000010000110
34 2 1 0111010000110011010101
3 -11 3 00110001000010000100
4 -8 3 00110001000010011111
17 4 1 0111010000110000101100
0 71 5 11111001100111011111
0 -88 2 011000101011110001110
0 120 2 011000101011110001010
2 -14 1 0111010000110000101101
0 -86 1 0110001010111110011001
1 -55 1 0110001010111110010101
2 22 1 0110001010111100110101
1 53 1 0110001010111110101100
1 -37 2 011000101011111010100
0 72 3 00110000001100110000
2 15 2 011000101000100001110
1 36 1 0110001010111110101101
2 -17 2 011000101000100001100
0 110 4 01100010101111101100
60 -1 1 0110001010111100110100
2 23 1 0110001010111110010100
1 -53 1 0110001010111110011000
3 7 2 011000101011111100110
18 3 1 0111010000110011010100
0 -95 1 0110001010111110100000
0 -102 2 011101000011000011010
0 -110 3 00110001000011100001
0 -127 1 0110001010111111111000
0 -135 1 0110001010111110000100
0 -106 1 0111100110011001000000
1 -115 1 0111010000110011010000
1 -117 1 0111010000110000001000
1 -119 1 0110001010111100110000
0 -131 2 011000101011110001100
0 -144 1 0111010000110000000000
0 -143 1 0111010000110101001100
0 -129 1 0111010000110101001110
0 -94 1 0111010000110010000010
1 41 1 0111010000110000000010
0 -108 1 0100100011100011111010
0 -97 2 011000101011111011101
0 -115 2 011000101011111100001
1 -51 1 0110001010111111000000
0 -156 1 0111010000110011011010
0 -122 1 0111010000110011011000
0 -109 1 0111010000110000001010
0 -105 4 01110100001101000100
0 -141 1 0110001010111110001010
0 -169 1 0110001010111111111010
0 -111 1 0111010011111011001100
0 -124 2 011000101011111101010
0 -112 1 0111010000110000100110
0 -100 2 011101000011000011111
4 8 1 0110001010111110100110
0 -90 1 0111010000110100010100
35 2 1 0111010000110000001110
0 116 1 0111010000110000001100
0 132 1 0111010000110010001010
0 131 1 0111010000110010001000
0 124 1 0110001010111111001110
0 152 1 0110001010111111001000
0 122 1 0111010000110000101010
0 145 2 011000101011110001111
0 90 1 0110001010111100010110
30 -2 1 0110001010111110011010
0 111 1 0110001010111100110110
1 85 1 0110001010111110110110
1 44 1 0110001010111110110100

