0 -10 3524 00100111
3 -1 13065 000101
0 0 381024 11
0 -12 2224 100011000
0 1 122596 010
3 1 14033 001010
0 -1 124792 011
0 3 30410 00110
0 5 13278 000111
1 -4 3049 101111101
1 -1 43498 10101
31 1 333 101110000101
2 -1 20657 100110
0 -3 31202 00111
0 -2 45332 0000
3 -2 360 101111100000
0 4 20057 100100
0 2 44311 10110
0 -4 21048 100111
4 -1 6040 10111111
1 -3 6084 0001000
1 -2 8536 1000010
2 1 20592 100101
4 1 5936 10111101
5 -1 3919 00101101
0 7 6459 0001100
0 6 8949 1000101
0 -5 13749 001000
1 1 42909 10100
0 10 3454 00100101
1 2 7957 0010111
0 9 4360 10000111
5 1 4053 10000001
1 3 5348 10111010
0 -6 8902 1000100
0 8 5188 10001111
32 1 875 0010011010
0 28 282 100011010000
0 39 126 0010110001111
0 11 2920 101111001
0 17 1062 1000001100
2 2 1048 1000001011
0 -13 2001 100000000
0 -19 878 0010011011
0 -39 109 0010010011010
0 -7 6625 0001101
0 -15 1478 1011111001
0 13 2019 100000001
0 -8 5308 10111001
0 -9 4314 10000110
0 -17 1090 1000001111
0 12 2419 100011100
1 4 2660 101110001
6 -1 651 10111000000
25 -1 187 1011111000110
1 -6 723 10111011111
0 -11 2856 101111000
1 5 1163 1000110101
32 -1 618 10001110100
6 1 810 0010010000
0 30 269 100000111010
0 36 152 1000110111100
0 -21 653 10111000001
0 -38 145 1000110100011
0 -14 1734 001001100
0 16 1329 1011101100
31 -1 276 100011001010
3 2 317 100011101011
2 -2 1137 1000110011
1 -11 96 0001001010010
1 6 670 10111011100
1 -5 1175 1000110110
0 -16 1341 1011101101
0 14 1628 000100111
0 -24 469 00101100010
0 21 642 10001110110
0 -22 572 10001101001
0 -23 518 10000010100
0 15 1496 000100100
0 19 847 0010010010
25 1 216 001001001100
1 9 253 100000100100
1 10 163 1011100001000
1 -7 543 10000011100
1 -8 266 100000101011
0 -20 802 0001001101
0 20 674 10111011101
0 25 434 00100100111
0 22 553 10001100100
0 -28 306 100011011111
0 -43 64 10000010010100
2 -3 259 100000101010
0 -27 352 101110111100
0 18 967 0010110010
0 23 537 10000011011
1 20 18 1000001110111011
0 -31 230 001011000011
0 -35 167 1011100001101
0 -50 41 101110000100110
0 -18 998 1000001000
0 -30 268 100000110101
0 -25 407 00100100010
0 -36 122 0010110001110
0 -29 279 100011001011
0 31 219 001011000000
1 16 36 100011010001010
1 11 137 1000001110110
0 -26 404 00010011001
0 26 389 00010010101
0 -37 147 1000110111001
0 24 485 00101100110
1 -9 183 1011111000011
0 34 186 1011111000101
0 35 156 1000111010100
0 33 182 1011111000010
1 7 504 00101100111
0 29 300 100011011101
0 40 88 10111011110100
0 47 56 00101100001000
0 46 65 10000010011011
0 42 92 10111110001000
1 31 3 1011101111010101110
1 12 101 0001001100011
11 1 5 100011010001011011
0 -32 179 1011101111011
0 32 197 000100110000
1 15 50 00010011000101
0 38 134 1000001101001
1 8 325 100011101111
0 27 394 00010010111
0 43 72 10001101110000
1 -18 26 001001000110100
1 -10 166 1011100001100
1 13 78 10001110101011
1 -12 107 0010010001111
0 -33 188 1011111000111
0 -34 168 1011100001111
7 -1 20 1000111011100110
1 14 50 00100100011000
0 37 114 0010110001100
7 1 27 001001000111011
1 -14 46 101111100010010
1 -16 38 100011011100011
1 -13 66 10000011010001
26 -1 12 10111110001001111
1 -40 3 1011101111010101111
1 -17 26 001001000110101
1 -15 39 100011011110111
4 -2 53 00100100011100
26 1 12 0001001010011001
30 -1 3 000100101001101000
16 -1 8 10000010010101110
14 1 5 100011011110110010
0 -40 113 0010110000101
1 18 27 001001001101100
1 -19 24 000100101000001
1 -23 9 10000011101110101
1 -21 10 10001110111001110
1 -22 6 00010010100110101
0 -45 69 10000011101111
0 -53 27 001001001101101
1 -28 8 10000010010101111
1 -29 7 00101100000111111
0 -56 13 0010010001101110
0 41 97 0001001011000
1 -26 5 100011011110110011
4 2 49 00010011000100
0 -42 81 10111000010010
0 -41 110 0010110000010
0 44 70 10001101000100
0 45 51 00100100011001
1 45 2 0001001010011010011
1 26 4 100000100101100110
1 23 12 0001001010001101
1 17 26 001001000111010
0 57 28 001011000010010
1 -24 11 10111000011101110
0 55 22 1011101111010110
0 49 66 10000011010000
1 29 1 10000010010101101110
0 53 30 001011000110110
0 -46 39 100011101010100
0 54 36 100011011100010
0 51 40 100011101110101
0 -49 39 100011101010101
1 28 5 100011101110011111
3 -3 55 00101100000110
2 -4 79 10001110111000
1 19 12 0001001010001111
29 -1 1 10000010010101101111
2 4 97 0001001011001
2 3 258 100000100111
1 -34 3 000100101000111010
27 -1 8 10000010011001010
0 50 49 00010010110110
1 50 2 1000001001011011101
1 21 8 10000010011001011
0 48 55 00100100110111
17 1 1 10000010010110111001
0 -78 4 100000100101111001
0 -89 5 100011101110100100
0 58 21 1011100001110011
0 -65 11 10111000011101111
0 -63 29 001011000110101
0 -51 34 100000111011100
0 -59 16 1000001001100000
1 -20 16 1000001001100001
0 -54 21 1011100001110101
0 -55 21 1011100001110110
0 -73 8 10000010010111101
0 -58 22 1011101111010100
1 -25 9 10001101000101100
1 22 14 0010110000100111
0 -61 13 0010010001101100
0 -60 12 0001001011010011
0 -80 6 00010010100010111
1 -78 1 10000010010110111101
1 -27 2 1000001001100110010
1 -30 6 00010010100010001
1 -31 6 00010010100000000
27 1 6 00010010100000001
0 -47 49 00010010110101
1 -65 1 10000010010110111111
0 -68 8 10000010011001111
0 -67 8 10000010011010000
1 -69 1 10000010011001110010
0 -66 20 1011100001001110
0 -44 76 10001101111010
1 -46 2 1000001001101000110
1 -45 2 1000001001101000111
1 -44 2 1000001001101001011
1 -43 1 10000010011001110011
1 -41 2 1000001001100010111
1 -42 1 10000010011010011111
0 -48 48 00010010100111
1 -33 5 100011101110100101
0 -64 9 10001101000101110
0 62 6 00010010110100000
0 70 13 0010110000011100
1 -39 1 10000010011000111110
1 25 7 00101100001001101
2 -5 41 101110000111000
0 -57 14 0010110001101001
0 -69 9 10001101000101111
5 2 6 00010010110100001
0 -52 23 1011111000100110
0 -77 4 100000100101010111
0 -71 6 00010010110111000
1 30 3 000100101101110010
0 -75 4 100000100101110011
0 -84 5 100011101110110000
0 -76 8 10000010010111010
16 1 7 00101100000111100
14 -1 4 100000100101110110
0 -85 3 000100101101110011
0 -87 3 000100101101110110
1 -36 2 1000001001010101011
1 40 1 10000010011000111111
3 4 15 0010110001101110
0 61 16 1000001001101011
4 -3 8 10000010010110100
3 -5 10 10001110111011001
0 64 21 1011100001001111
3 3 48 00010010100001
4 -4 7 00101100000111101
0 75 2 1000001001011111100
3 -4 21 1011100001110010
11 -1 3 000100101101110111
1 33 4 100000100101111111
5 -2 7 00101100000111010
0 52 40 100011101110111
0 66 14 0010110001101000
1 -48 1 10000010010101000111
2 -8 9 10001101111011000
4 7 1 10000010010111111011
2 5 25 000100101101111
2 -6 22 1011101111010111
29 1 1 10000011101110100011
30 1 2 1000001110111010011
1 24 6 00010010110100010
4 3 3 000100101101000110
0 56 39 100011101110010
15 -1 1 10000011101110100101
0 60 21 1011100001110100
0 59 20 1000111011101101
0 63 12 0001001010001001
8 1 12 0001001011010010
2 7 13 0010010001101111
9 1 5 100011101110100010
0 65 7 00101100000111011
2 -9 3 000100101101000111
0 -72 4 100000100101101101
0 101 1 10000010011010100101
0 -79 4 100000100101100001
0 -116 2 1000001001011000001
0 67 8 10000010010110101
0 -91 2 1000001001100100001
0 -113 1 10000010011010100111
0 76 8 10000010010111000
0 -114 2 1000001001011000101
0 84 3 000100101000000100
0 -132 2 1000001001011000111
0 149 2 1000001001011111001
0 -121 3 000100101000000101
0 112 2 1000001001101010110
0 74 11 10111011110101010
0 -145 1 10000010010110001001
0 69 15 0010110001101111
0 -117 2 1000001001100110101
0 83 2 1000001001100110110
0 -123 2 1000001001100110111
0 123 3 1011111000100111000
0 148 1 10000010010101100010
2 6 19 1000110111101101
0 127 1 10000010010101100011
0 77 6 00010010100011100
0 82 2 1000001001011001011
10 -1 3 1011111000100111001
0 170 1 10000010010101100111
0 183 1 10001101000101101010
0 81 7 00101100000111110
2 -10 5 101110111101010110
1 -47 1 10001101000101101011
0 -92 3 1011111000100111011
0 -151 1 10000010010110010011
0 87 3 000100101001100000
0 -119 6 00010010100000011
0 -126 2 1000001001011011000
0 93 4 100000100110001000
0 -93 3 000100101001100001
0 134 1 10000010010110110010
0 -62 13 0010010001101101
0 -107 1 10000010010110110011
0 118 2 1000001001010100001
8 -1 1 10000010010101000001
0 -99 1 10000010010111001001
0 121 2 1000001001011100101
0 -142 4 100000100110001110
0 117 1 10000010010101010010
0 -96 2 1000001001100011001
0 91 1 10000010010101010011
0 97 2 1000001001101001000
0 115 3 000100101101110101
0 114 3 000100101000100000
1 39 3 000100101000100001
3 7 2 1000001001101001001
3 5 10 10001110111010000
3 -9 1 10000010011000101011
2 9 1 10000010010111100011
1 37 3 001011000010011000
1 -32 4 100000100110100010
0 -70 10 10001110111010011
0 85 5 100011101110100011
0 -82 3 1011111000100111010
0 -83 4 100000100101111101
1 35 4 100000100110001001
0 73 6 00010010100010101
0 -98 1 10000010010101101001
0 105 1 10000010010101101011
0 95 2 1000001001011101111
0 -101 2 1000001001100111011
0 108 1 10000010010110011100
3 -11 1 10000010010110011101
0 94 1 00101100001001100110
0 -130 2 0010110000100110010
0 89 3 000100101000101100
0 86 1 00101100001001100111
0 -104 3 000100101000101000
0 -74 12 0001001010001100
1 -38 2 1000001001011110000
3 -7 4 100000100110100110
0 -103 2 1000001001100010100
9 -1 2 1000001001100011000
5 -3 2 1000001001010101000
0 -118 3 000100101101110100
2 -7 12 0001001010011011
2 8 6 00010010100110001
2 10 1 10000010011001110101
2 12 1 10000010011010101001
0 80 5 100011101110011110
1 32 1 10000010010110010001
1 49 1 10000010010110010101
1 46 1 10000010010101100101
3 -6 8 10000010011001001
2 -12 1 10000010010101100001
0 68 8 10000010010101001
1 43 1 10000010010111110000
6 -2 2 1000001001011000110
0 -81 4 100000100110010001
2 -11 1 10000010010111110001
1 27 2 1000001001011000000
0 79 4 100000100110101000
0 78 3 000100101000101001
3 6 1 10000010011001000001
0 71 5 100011101110110001
0 -88 2 1000001001010100010
0 120 2 1000001001010101010
0 -86 1 10000011101110100001
1 -55 1 10000010011000111101
2 11 2 1000001001100010110
1 53 1 10000010011000110101
1 -37 2 1000001001101001010
0 72 3 000100101000101101
1 36 1 10000010011010011101
0 110 4 100000100110011000
1 -53 1 10000010011001110001
0 -95 1 0001001010011010010
0 -102 2 1000001001010110110
0 -110 3 000100101000111011
0 -127 1 10000010011001110000
0 -135 1 10000010011010011100
0 -106 1 10000010011000110100
1 -115 1 10000010011000111100
1 -117 1 10000011101110100000
1 -119 1 10000010011001000000
0 -131 2 1000001001100110100
0 -144 1 10000010010101100000
0 -143 1 10000010010101100100
0 -129 1 10000010010110010100
0 -94 1 10000010010110010000
1 41 1 10000010011010101000
0 -108 1 10000010011001110100
0 -97 2 1000001001011001111
0 -115 2 1000001001011101110
1 -51 1 10000010010101101010
0 -156 1 10000010010101101000
0 -122 1 10000010010111100010
0 -109 1 10000010011000101010
0 -105 4 100000100101010110
0 -141 1 10000010010111001000
0 -169 1 10000010010101000000
5 3 2 1000001001101010101
0 -111 1 10000010010110010010
0 -124 2 1000110100010110100
0 -112 1 10000010010101100110
0 -100 2 1000001001101010111
0 -90 1 10000010010110001000
0 116 1 10000010011010100110
0 132 1 10000010011010100100
0 131 1 10000011101110100100
0 124 1 10000011101110100010
0 152 1 10000010010111111010
0 122 1 10000010010101000110
0 145 2 1000001001100011011
0 90 1 10000010011010011110
1 34 2 1000001001100110011
0 111 1 10000010010110111110
1 85 1 10000010010110111100
1 44 1 10000010010110111000

