0 0 190512 10
0 1 97932 111
0 -2 35570 0011
0 -1 95141 011
1 1 32960 0001
1 -1 32202 0000
2 -1 12839 110110
1 -2 6496 1101110
0 2 37982 0101
4 1 2431 01000101
0 -5 6470 1101011
0 -4 10546 110000
0 -3 17986 00101
0 3 18940 01001
0 4 10818 110001
0 5 6283 1100111
3 1 5940 1100101
0 -6 4297 0010011
0 -8 1695 00100000
2 1 12600 110100
0 6 3973 0010001
1 -4 921 001000011
1 -3 2092 01000000
5 -1 1162 010000101
6 -1 644 0100011011
1 2 6980 1101111
3 -1 6264 1100110
1 -7 131 001001011011
1 -9 58 0010000101010
0 -9 1274 010001110
0 -7 2700 11001000
4 -1 2361 01000011
1 -5 424 11010101111
6 1 603 0100011000
0 7 2411 01000100
0 -11 625 0100011010
0 -14 204 110101011100
1 4 993 001001000
0 8 1564 110101001
1 3 2248 01000001
1 -8 65 0010010111000
0 9 1102 010000100
3 2 390 11010101000
4 2 106 1101010111011
0 -10 837 1101010110
2 2 1500 110010011
1 6 199 110101000111
1 5 384 11010100010
5 1 1022 001001010
1 -6 200 110101010100
1 7 126 001001001101
7 1 227 00100001001
0 -17 61 0010000101101
0 12 343 01000111110
0 -12 409 11010101011
2 3 352 01000111111
0 -15 143 001001011111
3 -2 402 11010101001
2 -2 1379 110010010
0 -13 313 01000111100
3 4 17 001001011101010
7 -1 252 00100100111
0 11 493 0010010010
0 10 748 1101010000
1 8 90 0100011110111
2 -5 56 0010000100011
2 -4 102 1101010101011
0 13 256 00100101100
4 -2 104 1101010111010
1 10 19 010001100110101
8 1 115 001000010100
2 -3 308 01000110010
9 -1 66 0010010111001
5 2 17 001001011101011
12 -1 2 1101010001101000101
9 1 58 0010000101100
0 14 160 010001100111
0 21 17 001001011101110
0 19 30 00100001010111
8 -1 123 001001001100
1 -10 35 00100101111000
12 1 3 110101000110100011
0 17 53 0010000100010
1 11 21 010001111011000
3 -3 70 0010010111101
0 20 16 001001011010001
0 23 3 110101000110101001
0 -23 5 01000110011011011
0 -22 11 0100011110110010
0 -21 13 1101010001101111
11 1 9 0010010111011111
0 -20 20 010001111010111
0 -19 31 00100101101001
0 -16 91 1101010001100
0 -18 50 11010101010100
2 4 108 001000010000
0 15 120 001000010111
3 3 73 0100011001100
1 9 34 00100101110110
0 16 80 0100011110100
10 -1 16 001001011101000
4 -3 12 1101010001101011
5 -3 1 0010010111010010000
1 -14 11 0100011110110011
5 -2 13 1101010101010110
11 -1 8 0010010111010011
4 4 3 110101000110101010
0 -24 6 11010100011011101
1 -13 15 001001011010000
0 18 35 00100101111001
1 -21 1 0010010111010010001
0 -28 1 0010010111010010110
3 -4 16 001001011010111
3 -9 1 0010010111010010111
10 1 18 010001100110100
2 -7 10 0100011110101100
1 20 1 0010010110101100011
0 24 4 00100101101010001
0 29 1 0010010110101100111
6 -2 5 01000111101011011
2 -6 24 110101000110110
2 6 19 010001100110111
2 9 5 01000111101010101
3 -5 14 001000010101101
1 -12 11 1101010001101001
1 -11 25 110101010101010
3 6 5 01000111101010000
0 27 1 0010010110101101110
3 -6 8 0010010110101011
2 5 44 01000111101101
1 13 7 11010101010101111
1 15 5 01000111101010001
3 5 9 0100011001101100
2 8 4 00100101101010101
4 -5 3 110101000110111000
1 12 14 001000010101100
6 2 5 11010100011010000
4 3 10 0100011110101011
4 -4 5 01000111101010100
2 -10 2 001001011010100111
0 22 5 01000110011011010
2 7 10 0100011110101001
1 16 4 00100101101010100
1 17 5 01000111101011010
1 -16 3 110101000110111001
2 -9 4 00100101101011010
3 9 2 001001011101111001
2 10 1 0010010110101101111
1 14 4 00100101101010010
2 -8 5 00100101110111101
3 -7 3 110101000110101000
7 -2 1 0010010110101000010
1 -15 6 11010101010101110
2 11 1 0010010110101000011
5 -4 1 0010010110101001100
2 -14 2 001001011010110110
6 3 1 0010010110101001101
1 -18 2 001001011010110000
1 18 2 001001011101001010
1 -19 1 0010010110101100101
3 -10 1 1101010001101000100
4 5 1 0010010110101100100
2 -11 2 001001011101111000
3 -8 2 001001011010100000
1 -17 3 110101000110101011
0 25 1 0010010110101100110
2 -13 1 0010010110101100010
0 -25 2 001001011101001001

