0 10 1463 0010100
0 1 24888 101
0 -1 24391 100
0 -2 12512 1100
0 0 42630 01
0 2 12897 1101
0 3 8485 11111
0 -3 8434 11110
0 7 2937 001011
0 8 2212 000001
0 6 3637 111010
0 -7 2844 001001
0 -9 1759 1110001
0 -13 715 00100011
0 -5 4703 00011
0 12 911 11100111
0 4 6075 00110
0 -4 6255 00111
0 5 4703 00010
0 -8 2259 000010
0 -11 1115 0000110
0 -10 1469 0010101
0 13 686 00100010
0 -6 3704 111011
0 17 250 000000010
0 -12 887 11100110
0 9 1771 1110010
0 11 1173 0000111
0 15 425 111000011
0 20 127 0000000111
0 -30 18 0010000000011
0 22 80 00100001010
0 -15 419 111000010
0 19 156 0010000001
0 -35 2 0000000110001000
0 -17 243 000000001
0 -29 17 0010000000001
0 -14 563 00000011
0 -16 340 001000011
0 27 26 000000000010
0 -22 73 00100000001
0 -19 163 0010000100
0 -18 195 1110000010
0 18 204 1110000011
0 14 549 00000010
0 16 325 001000001
0 -37 1 00000001100010010
0 -20 124 0000000001
0 -47 2 0000000110001011
0 -44 1 00000001100010011
0 -39 1 00000001100011001
0 -36 2 0010000000000000
0 -34 9 00100001011001
0 -33 8 00100000000001
0 -32 6 001000010110110
0 -23 66 00000001101
0 -21 95 11100000010
0 21 99 11100000011
0 28 23 1110000000011
0 32 4 001000000000001
0 23 51 00000000000
0 24 45 111000000000
0 -26 30 000000011001
0 -27 27 000000000011
0 -28 17 0010000000010
0 25 47 111000000010
0 -25 48 111000000011
0 33 4 001000010110000
0 -24 43 001000010111
0 39 2 0010000000000001
0 -31 6 001000010110111
0 26 23 1110000000010
0 37 5 001000010110001
0 29 11 00100001011010
0 31 4 000000011000111
0 30 13 0000000110000
0 38 1 00000001100011011
0 -41 1 00000001100010101
0 35 1 00000001100010100
0 40 1 00000001100011010
0 34 1 00000001100011000

