0 0 190512 1
0 -1 29154 011
0 1 29082 010
0 -2 4002 001111
1 -1 10968 0001
1 -2 844 00110101
1 1 11265 0010
0 -3 685 00001010
0 2 3566 001110
2 -1 2820 000011
3 1 2460 000001
1 2 754 00001011
5 -1 239 0011011110
1 -3 152 0000100110
3 -1 2344 000000
4 1 862 00110110
2 1 3024 001100
4 -1 800 00110100
0 3 580 00001000
0 4 95 00110111000
2 -2 83 00001001011
1 3 113 00110111011
6 1 61 00001001000
3 2 63 00001001001
0 5 9 00001001010101
1 -5 1 000010011101100110
0 -4 109 00110111010
6 -1 50 001101110010
9 -1 1 000010011101100111
1 -4 20 0000100111000
7 -1 20 0000100111001
3 -2 94 00001001111
5 1 251 0011011111
7 1 21 0000100111010
2 -3 6 000010011101101
0 -5 12 00001001110111
3 -3 8 00001001010100
0 -6 1 00001001010110001
1 4 11 00001001010111
0 6 1 00001001010110011
2 2 55 001101110011
10 -1 1 00001001110110010
4 2 3 0000100111011000
4 -2 28 000010010100
8 -1 3 0000100101011011
4 -3 2 0000100101011010
3 3 1 00001001010110010
11 1 1 00001001010110000

