0 21 686 10000001
0 0 24229 101
0 -4 6044 10001
0 -2 11452 0110
0 1 18756 001
0 -1 18042 000
0 2 11590 0111
0 5 5059 01010
0 6 4138 111100
0 4 6173 10011
0 -5 4923 01000
0 3 8094 11101
0 -3 7947 11011
0 -7 3584 110101
0 13 1602 1100010
0 22 544 111110010
0 16 1140 11111100
0 11 2111 1111010
0 7 3541 110011
0 -6 4133 111001
0 -14 1444 1000010
0 -18 866 11001001
0 -25 389 110010000
0 -12 1789 1101000
0 24 458 111000000
0 14 1477 1000011
0 -8 3116 110000
0 9 2660 010110
0 12 1789 1101001
0 -15 1241 0100101
0 -22 570 01001000
0 -19 802 10010111
0 20 757 10010101
0 26 313 010010011
0 8 3064 100100
0 -11 2116 1111011
0 -13 1625 1100011
0 10 2267 1111101
0 -9 2714 010111
0 -10 2315 1111111
0 32 152 0100100101
0 -16 1151 11111101
0 23 529 111110000
0 -17 997 11100011
0 -20 707 10000010
0 18 872 11001010
0 -23 485 111000010
0 -24 454 110010111
0 17 994 11100010
0 -26 349 100000110
0 25 386 100101100
0 -21 667 01001111
0 15 1275 0100110
0 30 218 1100101100
0 28 268 1111100011
0 19 755 10010100
0 41 46 100000111000
0 -61 7 110010001101110
0 43 38 010010010010
0 -59 9 111110011000110
0 -30 225 1100101101
0 40 86 10000000111
0 -71 1 111000011100100000
0 -33 143 11111001110
0 -28 265 1111100010
0 -32 168 0100111001
0 55 7 110010001101111
0 -45 36 1111100111100
0 -34 113 11100000100
0 -37 98 10010110111
0 -35 102 11001000101
0 -27 338 100000000
0 -38 74 111110011111
0 -36 100 11001000100
0 27 338 010011101
0 34 128 11100001111
0 -31 170 1000000010
0 29 237 1110000011
0 -72 1 111000011100100001
0 -29 239 1110000110
0 -40 59 111000001011
0 -94 1 111000011100100011
0 -95 1 111000011100100111
0 -88 1 111000011100101011
0 -78 1 111000011100101101
0 -73 1 111000011100101111
0 -67 6 100000001101110
0 -68 4 1110000111010001
0 -69 4 1110000111010010
0 37 94 10000011110
0 39 67 111110011001
0 33 143 11111001101
0 -63 6 100000001101111
0 31 191 1001011010
0 -46 32 1111100110000
0 -65 2 11100001110100001
0 -42 46 100000111010
0 38 74 01001001000
0 56 9 111110011110100
0 35 109 11001000111
0 64 3 1100100011011000
0 54 16 11100001110111
0 -39 82 01001110001
0 44 46 100000111001
0 47 23 1000001110110
0 42 50 100101101101
0 48 20 0100111000011
0 57 9 111110011110101
0 46 24 1001011011000
0 -43 42 100000001100
0 -41 52 110010001100
0 -44 39 010010010011
0 36 96 10000011111
0 -52 24 1001011011001
0 -55 16 11100001110110
0 -58 9 01001110000000
0 -56 10 10000000110100
0 -57 8 111000011101011
0 50 24 1000001110111
0 -48 19 11111001111011
0 -54 7 111000001010000
0 -60 7 111000001010001
0 -66 3 1100100011011001
0 -51 17 11111001100010
0 65 1 111000011101000001
0 77 2 11100001110101010
0 51 15 11100000101001
0 53 11 10000000110101
0 49 26 1100100011010
0 58 9 111110011000111
0 52 16 11100001110011
0 73 1 111000011101010110
0 45 31 1110000111000
0 66 2 1000000011011000
0 -64 3 1100100011011011
0 -47 20 0100111000001
0 -49 29 1110000010101
0 74 3 1100100011011010
0 -53 10 01001110000001
0 -50 20 0100111000010
0 62 4 1110000111010011
0 59 6 100000001101101
0 -74 1 111000011101010111
0 -62 1 111000011100101000
0 80 1 111000011100101001
0 63 2 11100001110010010
0 61 3 1000000011011001
0 60 4 1110000111010100
0 -82 1 111000011101000000
0 71 1 111000011100101110
0 79 1 111000011100101100
0 67 1 111000011100101010
0 75 1 111000011100100110
0 68 1 111000011100100010

