0 -1 130574 100
3 -1 9549 1101101
0 0 190512 00
0 2 54724 0110
1 -1 42091 11110
0 1 131770 101
1 1 41134 11101
5 1 2515 111001011
4 -1 4913 11100100
7 1 527 11001010100
4 1 4801 11011001
2 1 18098 110011
0 -4 19057 110111
0 -2 53145 0101
2 -1 18860 110101
1 -2 9632 1110001
3 1 9351 1101000
0 -3 29844 01110
0 3 31655 11000
0 -9 4181 11001000
0 -8 5570 11111110
0 -5 13320 010001
0 4 20474 111110
0 7 7331 0111101
0 9 4309 11001001
0 10 3133 01000010
0 -6 9435 1101001
0 -12 2185 110010100
0 -7 7083 0111100
0 8 5619 11111111
0 -13 1718 010010101
0 5 14110 010011
5 -1 2602 111111000
0 -16 836 0100101000
0 -10 3313 01001001
0 -11 2677 111111011
0 6 9931 1110011
8 -1 313 111001010101
1 2 9559 1110000
2 2 2216 110010110
0 11 2618 111111001
6 -1 1675 010010001
6 1 1589 010000111
1 -7 349 01000000011
1 -6 573 11011000010
1 -5 960 0111110100
1 -4 1846 011111000
1 3 3908 01111110
1 -8 221 011111001001
0 -14 1392 010000001
0 -15 1134 1101100000
0 -17 707 0100000100
5 -2 50 01001000010011
0 -18 679 0100000000
1 -15 29 011111001011100
1 -3 3620 01001011
3 2 585 11011000100
1 5 1022 0111111110
1 -10 101 0100100001011
0 13 1573 010000110
0 -21 382 01000001100
0 -28 101 0100100001100
2 3 611 11011000111
1 -9 168 1111110100111
2 -2 2246 110010111
0 -23 255 011111111100
1 4 1953 011111011
0 15 967 0111110101
0 -22 304 111001010100
7 -1 631 11111101000
0 12 1995 011111110
1 6 587 11011000101
1 7 382 01000001101
1 8 263 011111111111
3 3 131 0111111111101
0 17 678 11111101011
0 16 793 0100100000
0 18 583 11011000011
3 4 21 1111110101010000
0 14 1234 1110010100
9 -1 167 1111110100110
0 -19 560 11001010110
1 9 173 010000000100
9 1 129 0111111111100
4 2 139 1101100011000
1 -11 88 0100000101001
1 10 90 0100000101011
0 19 418 01001010010
3 -2 625 11100101011
11 -1 45 01000001010101
10 1 95 0100100001000
0 -29 84 11111101010101
0 -34 35 110010101011111
0 23 214 010010100111
0 -31 61 01111100111101
0 -27 132 1100101010101
1 -14 29 011111001011101
1 -12 55 01111100100001
2 -3 566 11001010111
0 -26 173 010000000101
4 -2 132 1100101010110
0 -20 392 01000001110
0 22 236 011111001101
2 4 230 011111001010
0 -25 181 010000010110
0 -24 205 010010000111
8 1 237 011111001110
1 17 14 0111110010001001
0 20 392 01000001111
3 -3 105 0100101001100
0 26 128 0111111111010
10 -1 87 0100000101000
2 5 113 0111110010110
0 21 337 111111010100
4 -4 10 11111101001000001
1 12 50 01001000010100
1 19 6 01000001010100001
1 13 33 110010101010001
4 3 25 010010000110100
1 14 34 110010101011110
12 -1 18 1101100011001001
0 28 85 11111101010110
0 25 152 1101100011010
0 27 107 0100101001101
3 -4 41 111111010010010
2 -4 234 011111001100
0 41 9 11001010101001011
0 37 21 1111110101010001
16 -1 2 0111111111011000100
1 15 27 011111001000001
0 34 26 010010000110101
1 -17 14 0111110010001010
12 1 7 01111100100010001
0 39 11 0100000101010011
0 35 17 1100101010100111
14 -1 4 011111111101100011
0 46 2 0111111111011000101
0 -47 5 111111010010000100
4 4 6 01000001011111010
6 -2 15 0111110010111101
0 -44 8 01111111110111101
0 43 6 01000001011111011
0 -43 6 01001000010010101
0 24 163 1111110100101
0 -33 38 110110001101101
0 -40 11 0100000101110000
0 -38 16 1100101010100001
11 1 44 111111010101111
2 6 60 01111100111100
0 -35 31 011111001111110
8 -2 2 0111111111011110001
2 8 20 1111110100100011
0 -32 46 01000001011110
0 30 56 01111100100011
2 7 26 011111001000000
7 2 3 010010000100101110
0 29 72 11011000110011
1 18 11 0100000101110001
1 11 62 01111100111110
5 2 45 01000001011101
0 33 37 110110001101100
0 32 41 111111010010011
0 -30 68 11001010101110
1 -16 15 0111110010111110
4 -5 2 0111111111011110011
1 -28 3 010010000100101111
0 -39 12 0100000101111111
1 -19 21 1111110101011101
5 -3 2 1100101010100000111
3 -5 21 1111110101011100
2 9 10 11111101001000011
2 -5 77 11011000110111
0 40 8 01111111110110110
0 -36 23 010000010111001
1 -20 6 01000001011111101
1 -43 1 01111111110111001010
4 -3 16 0111111111011010
0 -42 5 111111010010000101
0 -56 1 01111111110111001011
2 -9 10 11111101001000101
0 31 50 01001000010101
1 -18 12 0100100001001000
3 6 7 01111100101111001
15 -1 1 01111111110111001111
3 -7 3 010010000100100100
1 40 1 11001010101001000111
22 1 1 01111111110111010100
0 48 3 010010000100100110
1 -13 42 111111010101001
0 36 19 1101100011001011
0 -49 2 0111111111011101011
0 42 6 01111100100010000
0 58 1 01111111110111010101
0 -48 2 1100101010100101000
1 16 18 1101100011001010
6 2 11 0100000101010010
2 -6 53 01001000011011
2 -7 32 011111001111111
1 -22 11 0100000101111100
2 -8 17 1100101010100110
0 38 15 0111110010111111
3 5 9 11111101001000000
0 54 1 01111111110111011111
2 -12 3 010010000100100111
2 11 4 011111111101100100
2 10 7 01111100101111000
2 -10 11 0100000101010001
1 26 1 11001010101001010011
3 -6 2 0111111111011001011
1 21 7 01111100100010111
2 -14 2 0111111111011111011
1 31 3 010010000100101000
4 5 4 011111111101100000
1 -21 3 010010000100101001
13 -1 2 0111111111011000010
3 -10 2 0111111111011000011
3 -8 1 11001010101001010111
1 24 4 011111111101111100
0 -41 8 11001010101000000
7 -2 10 11111101001000100
2 -19 1 01111111110110111001
4 -8 1 01111111110111011000
0 44 2 0111111111011101101
0 -37 17 1101100011001000
2 14 1 01111111110111011001
2 -13 3 010000010111111000
1 -26 3 010000010111111001
3 9 1 01111111110111010011
2 13 1 11001010101000001010
1 34 2 0111111111011100000
3 8 2 0111111111011100001
2 -11 8 11001010101001001
1 22 5 01000001010100000
2 12 4 011111111101100111
1 -32 1 11001010101000001011
1 27 1 01111111110111000110
1 23 4 011111111101111110
1 -23 7 01111100100010110
3 17 1 01111111110111000111
2 20 1 11001010101000001001
1 33 1 01111111110111010000
1 -25 3 010010000100101101
1 20 3 010010000100101100
1 25 4 011111111101101111
1 28 1 01111111110111010001
2 -16 2 0111111111011001010
2 15 2 1100101010100101010
13 1 4 011111111101111111
15 1 1 01111111110111011100
1 -30 1 01111111110111011101
4 -9 1 01111111110110011000
1 -27 2 1100101010100100010
1 -31 2 0111111111011100110
8 2 2 0111111111011100100
5 -9 1 01111111110110011001
1 -29 2 0111111111011110010
14 1 1 11001010101000001101
5 3 1 01111111110111100001
2 18 1 01111111110111100000
3 -14 1 11001010101000001100
1 -24 3 010010000100100101
1 29 2 0111111111011111010
1 -35 2 1100101010100100000
0 49 1 11001010101000001000
0 -45 2 0111111111011100010
0 45 2 1100101010100100001
2 -17 1 01111111110111010010
2 17 2 0111111111011011101
18 -1 1 01111111110110111000
0 -46 1 11001010101001010110
0 50 1 11001010101001010010
2 -25 1 01111111110111011110
0 -50 2 0111111111011001101
1 36 1 11001010101001000110
3 7 1 01111111110111001110

