0 -1 172659 101
0 1 172513 100
2 -1 26751 111100
1 -1 54910 11111
0 0 190512 110
0 4 28029 00001
2 1 25249 111001
1 1 52895 11101
10 -1 158 0101111100011
5 -1 4770 01010100
4 1 7420 0001110
3 1 13792 1111011
6 1 3025 111000100
4 -1 7965 0010100
6 -1 3352 111101011
0 -7 11300 0111100
0 -2 70904 0011
3 -1 14145 000100
0 -3 40429 01100
0 2 71408 0100
5 1 4447 00101110
1 2 11248 0111011
0 3 41167 01101
1 -2 11743 0111110
9 1 214 000101001011
0 -5 19454 010110
0 -6 14408 000110
0 -4 27045 00000
7 1 1004 0010101010
7 -1 1095 0010111100
0 6 15520 001000
0 -17 2061 001010110
0 5 20589 011100
0 -15 2699 011101010
0 -10 5967 01111111
0 8 9939 0101110
0 13 3834 00100100
0 16 2362 010100111
0 18 1745 000101011
0 -11 5169 01011110
0 -22 1139 0010111111
0 -13 3795 00010111
0 -8 9287 0101000
0 15 2799 011110100
2 2 2857 011110110
0 -23 959 0010010101
3 -2 820 11110101001
0 -14 3172 111000101
0 -9 7453 0001111
0 12 4417 00101101
0 14 3271 111101001
0 9 7779 0010011
0 10 6346 11100011
8 -1 558 00101111100
0 -29 423 00010100100
2 -2 2859 011110111
0 -20 1409 0111101010
0 11 5334 01110100
0 7 12047 1110000
1 -4 2429 010101101
0 -16 2310 010100110
0 -18 1778 000101100
0 17 2007 001010100
1 3 4628 01010010
0 -12 4254 00101100
0 21 1191 0101011000
3 2 815 11110100011
1 4 2430 010101110
10 1 152 0101011001110
0 19 1481 0111111010
0 20 1330 0101111111
8 1 434 00010101010
1 -13 91 01111110010100
4 -2 266 001010111001
1 -3 4783 01010101
1 -10 209 1111010101011
1 5 1457 0111111000
0 -19 1677 000101000
11 1 80 01011111001111
0 -24 867 0001010100
0 -25 743 01111110011
0 -26 663 01011111100
5 -3 11 01111010110000101
0 -30 411 111101010001
5 -2 106 0001010010101
0 -32 365 011111100100
0 -28 534 00101011110
1 -5 1385 0111010111
1 8 434 00010101011
1 -6 835 11110101011
2 3 750 01111110110
9 -1 285 001011111011
1 -17 30 001001010010001
3 -3 177 0111101011001
4 -3 39 010101111011110
2 4 323 010111110110
4 2 246 001001011000
0 23 859 0001010011
0 -36 237 000101101111
1 6 1007 0010101011
0 -48 83 01011111011111
1 -12 116 0001011011101
1 -11 153 0101011001111
1 -7 640 01011111010
0 -21 1241 0101011111
1 -15 59 00010110111001
2 -3 782 11110100000
0 -42 138 0010111101010
1 7 663 01011111101
0 28 474 00100101000
0 -40 154 0101011110110
1 -9 266 001010111011
1 9 283 001011111010
0 24 800 11110100010
0 22 1004 0010010111
3 4 54 00010110100010
1 12 123 0010010110010
1 13 99 11110100001100
6 2 39 010101111011111
0 -27 609 01010111100
0 32 303 010101100110
1 10 224 000101101001
0 -31 378 011111101110
0 27 556 00101111011
0 26 534 00101011111
2 6 78 01011111000000
1 -8 409 111101010000
1 -14 72 01010110010010
0 30 364 011110101111
0 -39 184 0111111001011
1 11 156 0101111100001
0 -33 358 011110101101
0 31 339 011101011001
0 25 690 01110101101
0 29 450 00010110110
1 -16 52 111101010101000
1 14 89 01111010111001
1 15 61 00100101001011
5 2 93 01111110111101
2 5 146 0101011001010
11 -1 54 00010110100011
3 3 149 0101011001011
3 5 30 001001010010010
13 1 21 0101111101110111
14 1 15 0010010100100001
0 -34 315 010111110010
0 -35 241 001001010011
12 -1 38 010101111011100
1 16 60 00100101001010
0 35 225 000101101011
0 34 253 001001011010
0 33 264 001010111000
0 -38 180 0111101011101
0 -49 64 00100101101101
0 -62 13 11110100001001111
0 42 104 11110101010101
0 -53 43 011110101100000
0 -58 25 1111010000110100
0 -46 92 01111110010101
2 -4 307 010101111010
0 -47 85 01110101100011
0 -44 103 11110101010001
0 -45 104 11110101010011
1 -21 19 0101011110111010
1 -19 26 1111010101010010
6 -2 37 010101100100110
1 -18 37 010101100100111
0 -37 198 1111010000101
0 -41 137 0010111101001
0 40 134 0010101110101
0 -43 107 0001011010000
1 29 7 00010110101001001
0 37 194 0111111011111
0 36 203 1111010000111
1 -20 23 0111101011100011
1 -24 9 00101011101001101
2 -5 158 0101111100110
1 -25 14 0001011010100101
0 38 168 0111010110000
0 41 114 0001011010101
0 47 70 00101111010110
2 8 42 011101011000101
4 3 25 1111010000110101
0 39 157 0101111100010
1 21 10 01011111000001011
4 5 1 00100101001000001100
0 -57 31 001001011001101
16 1 3 0101011001000100011
0 51 50 111101000011011
0 46 82 01011111011110
1 17 39 010111110000011
0 49 55 00010110101000
0 -50 52 00010100101000
0 76 4 001001011001111111
0 68 14 0001011010100111
1 20 20 0101111101110011
3 -6 7 00010110101001101
0 75 6 111101000010001000
1 26 9 01010110010001001
0 59 14 0001011011100001
2 9 19 0101011110111011
2 7 46 011111101111001
0 60 13 11110101010010100
0 43 101 11110101010000
0 85 1 00100101001000001101
0 -80 4 001001011011101101
0 -76 3 1111010000100010010
0 78 3 1111010000100010011
0 -78 3 1111010000100010100
0 45 71 01010110010000
1 25 12 11110100001000111
0 -68 7 00010110111000100
0 -66 12 11110100001000000
0 -56 34 001011110100011
0 -64 12 11110100001000001
2 13 3 1111010000100010101
0 -59 17 0010101110100111
13 -1 19 0101111100000100
2 10 15 0010010110011001
5 4 2 0010010110111011001
2 -7 44 011110101110000
0 58 18 0101011001000110
0 -61 13 11110101010010101
0 -51 42 011101011000100
1 23 11 01111010110001001
9 -2 2 0010010110111011110
1 -23 11 01111010111000100
0 -54 34 001011110100010
4 -8 1 00100101001000001111
0 -52 44 011110101100011
17 1 1 00100101101110111111
2 -6 78 01011111001110
3 -4 53 00010100101001
0 -74 7 00010110111000101
0 54 40 010111110111000
0 -81 3 1111010000100010111
12 1 32 001001011011000
0 -60 20 0101111101110110
1 -35 1 00100101101100101111
0 48 65 00101011101000
0 -87 2 0010010110111001011
0 55 26 1111010101001011
0 63 17 0010111101011100
3 -5 23 0111111011110000
0 67 6 111101000010000111
0 -102 1 00100101101110001111
1 24 10 01011111011101010
0 53 33 001010111010010
0 -85 2 0010010110111001111
0 -55 31 001001011001110
0 52 36 001011110101111
21 1 2 0010010110111100101
0 71 5 010111110111010011
1 -29 4 001001011011110111
0 50 49 111101000010010
1 19 23 0111111011110001
0 61 22 0111101011000011
2 11 9 01010110010001110
0 44 68 00101111010000
0 89 3 1111010000100001101
14 -1 9 01010110010001111
0 56 26 1111010101001001
1 22 8 00100101101110101
0 65 12 11110100001001101
0 -90 1 00100101101110011011
0 77 4 001001011011111000
0 62 10 01111010110000100
0 106 1 00100101101111001111
0 -82 2 0010010110111110011
1 27 6 111101000010001101
0 57 22 0111101011000101
7 4 1 00100101101110100111
1 -26 8 00100101100111101
3 -8 3 1111010000100110011
0 -70 8 00101011101001100
1 18 26 1111010101010011
0 -72 9 01010110010001011
0 -63 18 0010111101011101
0 -69 7 00010110111000000
1 -32 5 010111110000010100
1 -38 4 001001011001111001
1 -28 6 111101000010000101
0 70 5 010111110000010101
3 9 2 0010010110111110111
1 -22 13 11110101010010000
3 -7 8 00100101101111010
0 99 1 00100101101111101101
0 88 1 00100101101100110011
0 -65 14 0001011011100011
2 -12 8 00100101101110000
1 -30 3 1111010000100001001
0 74 5 010111110111001000
2 -13 6 111101000010011101
2 -9 9 01010110010001010
0 66 6 00010110101001000
2 -8 30 001001010010011
2 -16 5 010111110111001001
1 -37 2 0010010110111100011
7 -2 11 01111010110001000
3 -10 1 00100101101100110111
2 17 2 0010010110011000110
1 36 3 1111010000100011000
2 -23 2 0010010110011000111
0 -88 1 00100101100110001011
1 -36 4 001001011011001001
0 -89 1 00100101101111111011
3 7 3 1111010000100111000
0 -71 10 01011111011101011
0 72 3 1111010000100111001
2 -11 5 010111110111010000
2 -10 10 01011111011100101
0 -75 4 001001011011001000
4 -5 3 001001010010000010
8 -2 2 0101011001000100001
3 -13 1 01010110010001000001
1 31 4 001001011011110000
3 6 13 11110101010010001
1 28 2 0010010110111111001
3 -9 4 001001011011111010
2 12 8 00100101101100111
0 64 11 01111010111000101
7 -3 2 0010010110011110001
0 69 6 111101000010011000
2 -34 1 00100101101111110001
4 -13 1 00100101101111011011
2 -17 2 0010010110111001001
0 73 1 00100101101110010001
1 -45 2 0010010110110010101
2 -15 1 00100101101110001011
3 15 1 00100101100111111000
1 35 2 0010010110011111101
1 52 1 00100101100111111001
1 59 1 00100101100111110011
1 58 1 00100101101111111101
1 -33 3 1111010000100001000
1 33 4 001001011011101000
1 38 2 0010010110111111011
4 -4 5 010111110111010001
1 -55 1 00100101101111111111
1 -31 4 001001011001111101
1 40 3 1111010000100001100
0 -73 2 0010010110111111010
8 2 5 010111110111010010
2 15 2 0010010110011111000
4 4 7 00010110101001100
2 33 1 01010110010001000101
2 19 2 0010010110110010100
17 -1 1 00100101101110111001
0 -67 7 00100101001000000
1 34 2 0010010110111101100
1 48 1 00100101101110001001
1 -27 7 00100101100110000
16 -1 3 1111010000100011001
0 79 2 0010010110111111100
5 3 7 00010110111000001
6 3 2 0010010110011000100
1 43 1 00100101100111100001
1 -52 2 0010010110110011010
4 -6 2 0010010110110011000
1 41 1 00100101101111000101
1 30 2 0010010110111110010
3 -17 1 00100101101110100100
15 -1 2 0010010110111100110
2 14 1 00100101101110100101
0 -79 2 0010010110111001110
0 81 1 00100101101111001001
2 20 1 00100101101110011001
1 37 2 0010010110111000110
3 8 1 00100101101110010101
15 1 1 00100101101100101101
6 -3 2 0010010110111011000
2 -14 3 1111010000100010110
8 -3 1 00100101101100101100
9 2 1 00100101101110010100
1 42 1 00100101101110011000
10 2 1 00100101101111001000
1 -39 3 1111010000100110010
2 16 1 00100101101111000100
1 44 1 00100101100111100000
2 -18 1 00100101101110001000
1 -59 1 00100101101110111000
1 53 1 01010110010001000100
22 1 1 00100101101111111110
0 82 1 00100101101111111100
5 -4 1 00100101100111110010
1 -42 2 0010010110111011101
2 18 1 00100101101110001010
2 -26 1 00100101101110010000
3 10 1 00100101101111011010
1 -34 1 00100101101111110000
7 2 1 01010110010001000000
4 8 1 00100101101111111010
0 80 1 00100101100110001010
0 -83 1 00100101101100110110
0 83 1 00100101101100110010
1 -41 1 00100101101111101100
0 92 1 00100101101110100110
1 -47 1 00100101101111001110
0 -91 1 00100101101110011010
1 -48 1 00100101101110001110
0 -92 1 00100101101100101110
1 -46 1 00100101101110111110
1 32 1 00100101001000001110

