0 -1 33916 011
0 0 381024 1
0 1 33784 010
1 -1 14914 0010
0 3 2542 0011110
0 4 971 00000110
0 2 7090 00001
0 -2 7295 00110
0 -4 1000 00000111
2 -1 1251 00111010
1 1 14747 0001
1 -2 1376 00111111
0 -3 2429 0011100
1 2 1376 0000000
1 -3 339 0011111010
0 -5 344 0011111011
3 -1 885 00000100
2 1 1257 00111011
1 3 265 0000010111
1 4 95 00000010110
0 5 441 000001010
1 5 37 0011111001010
3 1 827 00000011
1 -4 108 00000101100
0 -6 143 00111110000
0 6 191 0000001010
3 -2 16 00000101101011
0 -8 41 000000100000
0 -9 20 00111110010110
0 -7 79 001111100110
4 -1 148 00111110001
4 1 177 0000001001
1 -6 15 00000101101010
1 -5 33 0000010110111
1 -8 6 000000100011010
1 -7 14 00000010111111
0 7 80 001111100111
5 -1 27 0000001011101
0 8 42 000000100001
5 1 27 0000001011110
6 -1 5 000000100010000
2 2 36 0011111001000
6 1 7 000000101111101
1 7 6 000000100011011
7 -1 3 0000001000111000
0 10 6 000000100011101
0 -12 20 00111110010111
0 -11 11 00000010001001
0 -13 9 001111100100101
3 3 3 0000001000111001
0 15 5 000000100010001
4 2 3 0000001000111100
3 2 22 0000001000101
2 4 1 000001011010011100
0 11 11 00000010001100
3 -4 1 000001011010011101
0 -14 6 000000100011111
3 -3 1 000001011011011110
0 12 14 00000101101000
2 -2 26 0000001011100
0 13 2 00111110010010000
0 17 1 000001011011011111
0 18 1 001111100100100011
0 -15 1 000001011011010010
0 9 16 00000101101100
0 -10 19 00111110010011
1 11 2 00000101101101011
7 1 2 00000101101101100
4 3 1 000001011011010011
2 3 2 00111110010010011
1 6 7 000001011010010
1 -10 1 001111100100100100
1 -11 3 0000010110100110
1 -13 1 001111100100100101
1 -14 3 0000001000111101
1 -12 6 000000101111100
1 -9 2 00000101101101110
0 -16 1 000001011011010101
0 -17 1 000001011011010100
1 8 2 00000101101101101
1 13 2 00000101101101000
0 14 1 001111100100100010
1 9 2 00000101101001111

